3474994692.796000,0.20777599,0.22611793,-1.55797364,0.00861588,-0.00704862,0.00014550
3474994692.812000,0.19041819,0.20673335,-1.52423826,0.00852928,-0.00685303,-0.00012905
3474994692.828000,0.21196187,0.20605272,-1.62602864,0.00841530,-0.00776577,0.00023414
3474994692.843000,0.18315146,0.19765378,-1.56197627,0.00800962,-0.00686340,0.00037484
3474994692.875000,0.17879701,0.16622370,-1.54793482,0.00692020,-0.00674727,0.00018064
3474994692.890000,0.17121450,0.20039074,-1.58135856,0.00776499,-0.00672676,0.00068830
3474994692.906000,0.12085445,0.23844616,-1.53129559,0.00840213,-0.00571398,0.00078927
3474994692.937000,0.14936562,0.20856498,-1.66415832,0.00837683,-0.00685521,0.00043001
3474994692.953000,0.09962205,0.24239671,-1.61583150,0.00871970,-0.00600882,0.00084191
3474994692.968000,0.13321960,0.20933702,-1.65009410,0.00795215,-0.00678832,0.00078518
3474994692.984000,0.12048623,0.20162956,-1.60853951,0.00780777,-0.00644284,0.00067686
3474994693.015000,0.17764656,0.16134904,-1.59601925,0.00728900,-0.00685578,-0.00034308
3474994693.031000,0.14788182,0.21091295,-1.45024743,0.00807218,-0.00591830,-0.00041905
3474994693.046000,0.13979445,0.17311919,-1.48605973,0.00779832,-0.00620129,-0.00028336
3474994693.078000,0.11527906,0.14410959,-1.51530180,0.00742996,-0.00586495,-0.00005539
3474994693.093000,0.10265124,0.20523091,-1.52223798,0.00803032,-0.00579473,0.00014910
3474994693.109000,0.08603167,0.21457352,-1.50605058,0.00818518,-0.00541314,0.00023572
3474994693.125000,0.09551279,0.24526616,-1.63347292,0.00856999,-0.00607418,0.00091675
3474994693.156000,0.07955794,0.25484551,-1.60909711,0.00904544,-0.00580239,0.00135398
3474994693.171000,0.09597971,0.21522022,-1.58585680,0.00774900,-0.00566433,0.00093102
3474994693.187000,0.11586980,0.20680384,-1.50558217,0.00813837,-0.00566936,0.00035445
3474994693.203000,0.11934908,0.19951820,-1.45404577,0.00777084,-0.00569936,0.00000875
3474994693.234000,0.10381243,0.17581497,-1.50187447,0.00695108,-0.00554927,0.00051096
3474994693.250000,0.11547152,0.16261518,-1.44761449,0.00744764,-0.00548400,0.00000691
3474994693.265000,0.13126681,0.18194162,-1.46171467,0.00747484,-0.00569462,-0.00042348
3474994693.296000,0.19050841,0.20632469,-1.61706629,0.00891637,-0.00678922,-0.00014290
3474994693.312000,0.19468084,0.16714637,-1.70306001,0.00837983,-0.00760835,-0.00010114
3474994693.328000,0.14769530,0.16814526,-1.54464264,0.00767396,-0.00630363,-0.00056738
3474994693.343000,0.13645763,0.21128078,-1.70813664,0.00781181,-0.00669755,0.00027050
3474994693.375000,0.13304282,0.16665055,-1.74490099,0.00739057,-0.00717637,0.00063766
3474994693.390000,0.17415213,0.20358802,-1.63875045,0.00754736,-0.00707121,0.00016391
3474994693.406000,0.19086325,0.19305654,-1.63569011,0.00845567,-0.00719560,0.00008002
3474994693.437000,0.15348196,0.20733191,-1.76628253,0.00809401,-0.00732179,0.00044609
3474994693.453000,0.10300058,0.23556008,-1.71591789,0.00881111,-0.00630549,0.00046584
3474994693.468000,0.10348146,0.23160606,-1.75013363,0.00900129,-0.00665330,0.00076513
3474994693.484000,0.08606297,0.25599127,-1.70929269,0.00815543,-0.00627034,0.00051050
3474994693.515000,0.11612845,0.23876547,-1.71633014,0.00867270,-0.00671890,0.00077544
3474994693.531000,0.14113777,0.23734629,-1.71453963,0.00885648,-0.00662728,0.00054792
3474994693.546000,0.10317961,0.24977936,-1.67250072,0.00927142,-0.00620879,0.00059300
3474994693.578000,0.07388748,0.27839348,-1.74231282,0.00897772,-0.00635368,0.00085463
3474994693.593000,0.09553403,0.24632101,-1.73473450,0.00879371,-0.00650038,0.00100905
3474994693.609000,0.11673393,0.24338274,-1.69990554,0.00887457,-0.00663379,0.00105498
3474994693.625000,0.10822954,0.24326366,-1.71888101,0.00821262,-0.00637349,0.00094189
3474994693.656000,0.09566846,0.24166450,-1.75168484,0.00890955,-0.00659808,0.00108119
3474994693.671000,0.04989169,0.24560511,-1.77321139,0.00823487,-0.00632971,0.00139055
3474994693.687000,0.11657785,0.22007236,-1.75243727,0.00816456,-0.00693047,0.00096030
3474994693.703000,0.11647739,0.22445939,-1.75201222,0.00828948,-0.00677886,0.00088571
3474994693.734000,0.16525096,0.23264456,-1.72893476,0.00859773,-0.00705871,0.00003195
3474994693.750000,0.11910898,0.27098449,-1.80550153,0.00927294,-0.00709517,0.00036589
3474994693.765000,0.06414795,0.28421734,-1.78435529,0.00828650,-0.00650251,0.00029746
3474994693.843000,0.04443766,0.30199040,-1.93177645,0.00837331,-0.00643686,0.00094413
3474994693.843000,0.03620596,0.33172842,-1.96468782,0.00893883,-0.00655262,0.00117388
3474994693.843000,0.07338283,0.29919762,-1.91082889,0.00903636,-0.00685889,0.00074442
3474994693.843000,0.11115215,0.25763202,-1.88474426,0.00862888,-0.00733150,0.00058294
3474994693.875000,0.08158067,0.23490842,-1.78608356,0.00794928,-0.00651822,0.00037075
3474994693.890000,0.07697313,0.27605875,-1.83453668,0.00862671,-0.00645487,0.00029134
3474994693.906000,0.06043595,0.30689998,-1.94521468,0.00884262,-0.00679338,0.00062243
3474994693.937000,0.06997998,0.29728511,-1.98882850,0.00906823,-0.00698044,0.00112176
3474994693.953000,0.06528039,0.26437235,-1.84544589,0.00858056,-0.00642083,0.00071701
3474994693.968000,0.06977060,0.27270836,-1.87990953,0.00839230,-0.00680420,0.00094294
3474994693.984000,0.04019422,0.29483393,-1.85554447,0.00832340,-0.00641105,0.00095296
3474994694.015000,0.05673534,0.28985903,-1.89687829,0.00828777,-0.00663865,0.00078822
3474994694.031000,0.06984055,0.30230513,-1.92238194,0.00831030,-0.00689846,0.00105992
3474994694.046000,0.08634688,0.28667764,-1.89467012,0.00877573,-0.00688104,0.00082698
3474994694.078000,0.09928482,0.24968406,-1.84503012,0.00839236,-0.00686084,0.00083168
3474994694.093000,0.02349600,0.27357398,-1.75498883,0.00840547,-0.00555026,0.00082053
3474994694.109000,0.04007520,0.29282254,-1.82075771,0.00873903,-0.00576870,0.00073474
3474994694.125000,0.06547692,0.28875041,-1.86079313,0.00927633,-0.00650943,0.00091104
3474994694.156000,0.05332909,0.24754737,-1.78014900,0.00826624,-0.00624702,0.00099989
3474994694.171000,0.09475345,0.25713920,-1.76033426,0.00806656,-0.00678361,0.00072994
3474994694.187000,0.13256207,0.23371067,-1.75935232,0.00790350,-0.00680815,0.00049994
3474994694.218000,0.14117275,0.24000127,-1.84281847,0.00834079,-0.00750325,0.00074796
3474994694.234000,0.10655943,0.25264101,-1.71521138,0.00848038,-0.00632940,0.00019717
3474994694.250000,0.12751286,0.24583701,-1.77343817,0.00850263,-0.00683929,0.00018093
3474994694.265000,0.08606146,0.22180121,-1.71185382,0.00728731,-0.00613852,0.00035299
3474994694.296000,0.07820421,0.22127546,-1.67815368,0.00777123,-0.00588194,0.00059461
3474994694.312000,0.08260671,0.22604997,-1.83079123,0.00776218,-0.00678593,0.00086803
3474994694.328000,0.08610140,0.25222851,-1.82878129,0.00792478,-0.00665317,0.00056338
3474994694.343000,0.11143655,0.26558298,-1.81773795,0.00856024,-0.00666051,0.00057156
3474994694.375000,0.11501814,0.26011414,-1.85911903,0.00833608,-0.00736592,0.00043189
3474994694.390000,0.12724250,0.25729838,-1.89091770,0.00872971,-0.00750106,0.00022832
3474994694.406000,0.12779573,0.23827373,-1.86856209,0.00790616,-0.00753086,0.00042752
3474994694.437000,0.10262463,0.22879799,-1.80217195,0.00781657,-0.00723367,0.00047448
3474994694.453000,0.06573169,0.27050354,-1.89892065,0.00779104,-0.00673138,0.00098297
3474994694.468000,0.06130895,0.30298444,-2.07476655,0.00860011,-0.00709707,0.00102966
3474994694.484000,0.04433338,0.31837254,-2.10646669,0.00960796,-0.00727589,0.00113190
3474994694.515000,0.05133532,0.36794288,-2.17889401,0.00979405,-0.00773928,0.00069085
3474994694.531000,0.03880808,0.38606810,-2.29720039,0.01023396,-0.00800650,0.00086233
3474994694.546000,-0.00345649,0.44117282,-2.38181282,0.01073593,-0.00797296,0.00104563
3474994694.578000,-0.02622946,0.51614962,-2.46171887,0.01170615,-0.00762906,0.00041952
3474994694.593000,-0.07519919,0.54973326,-2.76993459,0.01241446,-0.00851812,0.00152318
3474994694.609000,-0.13467276,0.61897929,-2.84731639,0.01246569,-0.00799904,0.00148431
3474994694.625000,-0.17609294,0.64587663,-3.00325136,0.01228136,-0.00823469,0.00200213
3474994694.656000,-0.16398246,0.68329367,-3.12625799,0.01324118,-0.00888439,0.00197595
3474994694.671000,-0.12690671,0.72601500,-3.33248744,0.01416586,-0.01007167,0.00185503
3474994694.687000,-0.12640965,0.73299996,-3.53754337,0.01391542,-0.01079817,0.00220460
3474994694.703000,-0.18961154,0.77618883,-3.61730876,0.01348033,-0.01041129,0.00235424
3474994694.734000,-0.24050069,0.80711364,-3.74628986,0.01334968,-0.01025960,0.00233305
3474994694.750000,-0.26514504,0.87915536,-4.05685136,0.01524078,-0.01151248,0.00316193
3474994694.765000,-0.28737495,0.99120895,-4.29758050,0.01646867,-0.01223480,0.00312347
3474994694.796000,-0.31668294,1.06689423,-4.73166039,0.01623605,-0.01355819,0.00366944
3474994694.812000,-0.34630817,1.10198335,-4.97754943,0.01652338,-0.01440023,0.00392686
3474994694.828000,-0.30521329,1.12894011,-5.24528606,0.01639519,-0.01597141,0.00371275
3474994694.843000,-0.31849921,1.14971697,-5.43979092,0.01617640,-0.01710407,0.00373886
3474994694.875000,-0.40648676,1.26659955,-5.65409741,0.01681423,-0.01667662,0.00434607
3474994694.890000,-0.45640048,1.40149436,-5.99969877,0.01857719,-0.01732030,0.00523208
3474994694.906000,-0.49835339,1.48967747,-6.42230394,0.01966817,-0.01876284,0.00592595
3474994694.937000,-0.51866866,1.61442365,-6.94605233,0.02098194,-0.02052477,0.00696488
3474994694.953000,-0.58894927,1.76472556,-7.43782860,0.02263542,-0.02197284,0.00843793
3474994694.968000,-0.57701783,1.84956703,-7.81410299,0.02368189,-0.02390784,0.00870916
3474994694.984000,-0.57657125,1.94938660,-8.12209426,0.02600997,-0.02506546,0.00943402
3474994695.015000,-0.65854358,1.99294443,-8.37786365,0.02498699,-0.02523175,0.01076146
3474994695.031000,-0.69200572,2.04861950,-8.59771120,0.02587027,-0.02559888,0.01115224
3474994695.046000,-0.78784472,2.17938393,-9.03357185,0.02645397,-0.02651013,0.01236517
3474994695.078000,-0.90441606,2.27665508,-9.38890102,0.02618858,-0.02634645,0.01340986
3474994695.093000,-0.98311571,2.32749260,-9.67490678,0.02588936,-0.02670635,0.01437336
3474994695.109000,-1.03253963,2.47289784,-10.06364671,0.02764102,-0.02760128,0.01556421
3474994695.125000,-1.11173394,2.55524357,-10.50268866,0.02667277,-0.02867529,0.01649982
3474994695.156000,-1.23778297,2.65938543,-10.94240587,0.02586796,-0.02905140,0.01720717
3474994695.171000,-1.27592398,2.73786750,-11.23021239,0.02635904,-0.02961409,0.01747192
3474994695.187000,-1.35701983,2.81069949,-11.39213374,0.02648734,-0.02923728,0.01725474
3474994695.203000,-1.41127408,2.94308672,-11.68364648,0.02946307,-0.02997729,0.01817684
3474994695.234000,-1.55275773,3.08961145,-12.08318150,0.02901864,-0.02955655,0.01950186
3474994695.250000,-1.70633305,3.26595304,-12.70250294,0.02931816,-0.03013131,0.02139987
3474994695.265000,-1.75954295,3.48986903,-13.34910873,0.03313399,-0.03230648,0.02331503
3474994695.296000,-1.87881097,3.63241923,-13.89936556,0.03374002,-0.03352599,0.02552187
3474994695.312000,-2.06946655,3.79766862,-14.14864658,0.03409736,-0.03213114,0.02750614
3474994695.328000,-2.18484433,3.85919490,-14.33705347,0.03371945,-0.03133312,0.02889666
3474994695.343000,-2.18880829,3.86470646,-14.20074788,0.03421295,-0.03067457,0.02892920
3474994695.375000,-2.18987256,3.87216586,-14.07870333,0.03482409,-0.02996733,0.02833285
3474994695.390000,-2.28142109,3.90113457,-13.97424877,0.03485816,-0.02844483,0.02883619
3474994695.406000,-2.30552326,3.91182215,-13.98434580,0.03539934,-0.02844718,0.02949527
3474994695.437000,-2.30929453,3.90254165,-13.88335226,0.03559284,-0.02769659,0.02952328
3474994695.453000,-2.23402722,3.78208827,-13.56901501,0.03445678,-0.02744792,0.02874833
3474994695.468000,-2.08415459,3.59056009,-13.08912310,0.03315573,-0.02734040,0.02709535
3474994695.484000,-1.90959969,3.37120224,-12.28728435,0.03091796,-0.02620982,0.02485036
3474994695.515000,-1.78011685,3.09950530,-11.44962682,0.02811355,-0.02390467,0.02285247
3474994695.531000,-1.64211250,2.79061518,-10.51084184,0.02483451,-0.02228199,0.02100609
3474994695.546000,-1.41727916,2.44236120,-9.54999528,0.02115944,-0.02097921,0.01811205
3474994695.578000,-1.17758454,2.10221686,-8.44014740,0.01763460,-0.01939254,0.01426895
3474994695.593000,-0.89120032,1.77649649,-7.58027960,0.01525352,-0.01947717,0.01087140
3474994695.609000,-0.67808048,1.56626592,-7.02072098,0.01427234,-0.01975796,0.00915368
3474994695.625000,-0.56110926,1.41463134,-6.62631158,0.01374887,-0.01955913,0.00803646
3474994695.656000,-0.54400272,1.45777544,-6.29705049,0.01636941,-0.01813283,0.00803915
3474994695.671000,-0.44114546,1.39384524,-5.96728258,0.01908034,-0.01804005,0.00855891
3474994695.687000,-0.30927348,1.20029330,-5.41115737,0.01682653,-0.01751017,0.00826247
3474994695.703000,-0.22455251,0.99264024,-4.65311597,0.01424032,-0.01557375,0.00738487
3474994695.734000,-0.12243545,0.81680920,-4.19873204,0.01234052,-0.01491939,0.00703139
3474994695.750000,-0.15392888,0.78827365,-3.81522822,0.01199510,-0.01278156,0.00763414
3474994695.765000,-0.20610004,0.82471311,-3.75923750,0.01331644,-0.01202595,0.00894311
3474994695.796000,-0.20788836,0.80049202,-3.56070343,0.01321726,-0.01104541,0.00981428
3474994695.812000,-0.14000919,0.69595252,-3.35911126,0.01192229,-0.01108239,0.00960836
3474994695.828000,-0.03147834,0.59805775,-2.99944189,0.01103541,-0.01071315,0.00858105
3474994695.843000,0.06427608,0.50114558,-2.85935956,0.01056506,-0.01147698,0.00776473
3474994695.875000,0.10635410,0.45002944,-2.73316996,0.00962628,-0.01112542,0.00740342
3474994695.890000,0.10140088,0.40726101,-2.50664848,0.00825839,-0.01038780,0.00682079
3474994695.906000,0.12338939,0.30676284,-2.35042795,0.00685627,-0.01028907,0.00691449
3474994695.937000,0.23637935,0.18930558,-2.12849859,0.00526157,-0.01074124,0.00608433
3474994695.953000,0.28203226,0.08158640,-1.87649032,0.00338302,-0.01014842,0.00522890
3474994695.968000,0.29415998,0.02819470,-1.68246720,0.00258518,-0.00944708,0.00467929
3474994695.984000,0.19357554,0.11603212,-1.67807212,0.00286258,-0.00796761,0.00505935
3474994696.015000,0.15588243,0.13494093,-1.76359298,0.00329068,-0.00812807,0.00534901
3474994696.031000,0.14377539,0.16757664,-1.84797808,0.00394145,-0.00835612,0.00576432
3474994696.046000,0.17992517,0.18779674,-1.84117706,0.00475091,-0.00847113,0.00494793
3474994696.078000,0.22126643,0.14882830,-1.83103460,0.00420849,-0.00906182,0.00450868
3474994696.093000,0.16282880,0.16779163,-1.74207082,0.00385875,-0.00790994,0.00469583
3474994696.109000,0.10506297,0.18862808,-1.76468426,0.00339706,-0.00739982,0.00532450
3474994696.125000,0.02986424,0.22001477,-1.86230861,0.00332582,-0.00701345,0.00577773
3474994696.156000,0.05131798,0.24039081,-1.87764549,0.00393063,-0.00684335,0.00590501
3474994696.171000,0.05916550,0.25566213,-1.91726536,0.00438866,-0.00727949,0.00577431
3474994696.187000,0.07878891,0.26291223,-1.92978843,0.00472585,-0.00765929,0.00517946
3474994696.218000,0.11205626,0.22292575,-1.92676953,0.00523217,-0.00792561,0.00485649
3474994696.234000,0.04219567,0.23712315,-1.92719020,0.00404400,-0.00733709,0.00572499
3474994696.250000,0.07910862,0.20918828,-1.83249781,0.00329778,-0.00740971,0.00511616
3474994696.265000,0.06684945,0.18652465,-1.72532209,0.00262661,-0.00684727,0.00513980
3474994696.296000,0.06285072,0.20006469,-1.78433763,0.00287845,-0.00729564,0.00539633
3474994696.312000,0.08694083,0.19914266,-1.79756399,0.00315156,-0.00742402,0.00480714
3474994696.328000,0.08323883,0.20722408,-1.88191201,0.00375997,-0.00772417,0.00513904
3474994696.343000,0.04910132,0.22579393,-1.85809926,0.00342540,-0.00685062,0.00484552
3474994696.375000,0.04904268,0.22763788,-1.93535644,0.00292114,-0.00743612,0.00494162
3474994696.390000,0.08673136,0.20559815,-1.95020751,0.00300169,-0.00799125,0.00481346
3474994696.406000,0.10722513,0.16745938,-1.82186346,0.00281357,-0.00773297,0.00436434
3474994696.437000,0.10379053,0.20561705,-1.94124279,0.00301312,-0.00823607,0.00493153
3474994696.453000,0.06989786,0.22488955,-1.98370032,0.00347811,-0.00774017,0.00485108
3474994696.468000,0.04068881,0.26193187,-1.97647725,0.00352849,-0.00744905,0.00509489
3474994696.484000,0.05016223,0.21427903,-2.03903157,0.00300476,-0.00789124,0.00550210
3474994696.515000,-0.00009833,0.23935660,-2.01660057,0.00277440,-0.00733307,0.00570795
3474994696.531000,0.02424693,0.22847928,-1.97233559,0.00248232,-0.00728763,0.00517126
3474994696.546000,0.05036676,0.23784589,-1.95435227,0.00298673,-0.00756185,0.00560625
3474994696.578000,0.05066474,0.22346510,-1.99743381,0.00301051,-0.00766238,0.00571220
3474994696.593000,0.04201568,0.25444514,-2.06517718,0.00283975,-0.00811867,0.00581524
3474994696.609000,0.02906810,0.25653685,-2.03909682,0.00310568,-0.00785732,0.00566336
3474994696.625000,0.05391322,0.27122755,-2.07891944,0.00332878,-0.00829453,0.00553862
3474994696.656000,0.04561321,0.27074346,-2.09628620,0.00348063,-0.00802658,0.00553926
3474994696.671000,0.01681981,0.29902713,-2.15712817,0.00375409,-0.00812653,0.00603590
3474994696.687000,-0.02517959,0.30427532,-2.15150404,0.00344011,-0.00758640,0.00607996
3474994696.703000,-0.04483027,0.30829684,-2.22229254,0.00357913,-0.00782528,0.00684459
3474994696.734000,-0.00300056,0.32358164,-2.31284823,0.00363900,-0.00869728,0.00682597
3474994696.750000,-0.02427888,0.34571442,-2.37915502,0.00445597,-0.00859215,0.00681366
3474994696.765000,-0.07385307,0.38038042,-2.45897595,0.00460702,-0.00803178,0.00731970
3474994696.796000,-0.12498625,0.43918199,-2.45865949,0.00500460,-0.00743843,0.00721307
3474994696.812000,-0.16300957,0.47646929,-2.56793032,0.00592662,-0.00728532,0.00731187
3474994696.828000,-0.13084064,0.54736086,-2.84765710,0.00740079,-0.00899016,0.00709165
3474994696.843000,-0.19082439,0.58403423,-2.97546292,0.00731497,-0.00904526,0.00686771
3474994696.875000,-0.26136122,0.63240705,-3.20121358,0.00719934,-0.00868946,0.00750403
3474994696.890000,-0.36524942,0.73623151,-3.42500902,0.00833892,-0.00862568,0.00868017
3474994696.906000,-0.35254833,0.75178570,-3.68663280,0.00856268,-0.01007022,0.00900733
3474994696.937000,-0.35328665,0.77554176,-3.73364348,0.00958862,-0.01002967,0.00872623
3474994696.953000,-0.38720107,0.84180010,-3.98825464,0.00973889,-0.01058885,0.00895673
3474994696.968000,-0.43254797,0.89136466,-4.23783409,0.00963776,-0.01102753,0.00969586
3474994696.984000,-0.56145634,0.98546065,-4.48107965,0.01050451,-0.01056491,0.01091022
3474994697.015000,-0.68588251,1.05236544,-4.70999630,0.01056989,-0.00991466,0.01209121
3474994697.031000,-0.70276279,1.10807130,-4.88700879,0.01106929,-0.01047639,0.01237238
3474994697.046000,-0.74496982,1.16894147,-5.07200444,0.01216339,-0.01086398,0.01268658
3474994697.078000,-0.73298602,1.24639787,-5.29744494,0.01262623,-0.01179814,0.01272970
3474994697.093000,-0.76687637,1.32850573,-5.71860319,0.01401109,-0.01300433,0.01315365
3474994697.109000,-0.90128150,1.48493029,-6.09335136,0.01547344,-0.01308469,0.01407097
3474994697.125000,-1.02383848,1.62777837,-6.39870861,0.01686194,-0.01286991,0.01449505
3474994697.156000,-1.07496008,1.71721243,-6.61670251,0.01812078,-0.01292215,0.01458008
3474994697.171000,-1.13708637,1.77673995,-6.86646055,0.01825486,-0.01321730,0.01539745
3474994697.187000,-1.21205990,1.85396601,-7.15954056,0.01803215,-0.01349924,0.01617216
3474994697.218000,-1.40288034,2.01924137,-7.44006607,0.01936401,-0.01227761,0.01814237
3474994697.234000,-1.58739163,2.25186249,-7.82124852,0.02276604,-0.01122397,0.01935376
3474994697.250000,-1.73656301,2.47662341,-8.26543197,0.02517840,-0.01113701,0.02141116
3474994697.265000,-1.84051698,2.63030819,-8.63315670,0.02622264,-0.01144545,0.02272727
3474994697.296000,-1.89745544,2.72720466,-9.01114947,0.02647604,-0.01207404,0.02411736
3474994697.312000,-1.95710858,2.83310269,-9.32348465,0.02726699,-0.01258773,0.02429983
3474994697.328000,-2.03790328,3.00158914,-9.76903620,0.02911705,-0.01352473,0.02477029
3474994697.343000,-2.17171044,3.18367468,-10.02528401,0.03101279,-0.01235053,0.02573826
3474994697.375000,-2.26479304,3.34286210,-10.36365772,0.03223672,-0.01228175,0.02612799
3474994697.390000,-2.29801357,3.41911624,-10.62559277,0.03327824,-0.01303816,0.02678249
3474994697.406000,-2.27527471,3.43504769,-10.74988917,0.03212128,-0.01377989,0.02570284
3474994697.437000,-2.36254870,3.45616936,-11.01239799,0.03124211,-0.01378523,0.02643628
3474994697.453000,-2.50814186,3.63506756,-11.40803126,0.03229391,-0.01374805,0.02806505
3474994697.468000,-2.64478711,3.79814744,-11.75639826,0.03224875,-0.01322922,0.02971703
3474994697.484000,-2.68924101,3.91535664,-12.08940120,0.03320161,-0.01356088,0.03100716
3474994697.515000,-2.70251262,3.91935177,-12.11496855,0.03280860,-0.01388415,0.03083795
3474994697.531000,-2.71065454,3.94706914,-12.36768550,0.03369382,-0.01509872,0.03132228
3474994697.546000,-2.87769667,4.10502279,-12.52857820,0.03398171,-0.01325035,0.03235309
3474994697.578000,-3.01068886,4.30395122,-12.88012465,0.03548648,-0.01277573,0.03388647
3474994697.593000,-3.04361196,4.48111475,-13.22995501,0.03869981,-0.01329296,0.03489943
3474994697.609000,-3.09807881,4.61163745,-13.37128455,0.04056632,-0.01318069,0.03551532
3474994697.625000,-3.15519798,4.65859633,-13.51214996,0.04061118,-0.01334887,0.03666449
3474994697.656000,-3.16251310,4.62106383,-13.30339155,0.04050152,-0.01196081,0.03679574
3474994697.671000,-3.13003518,4.57832832,-12.91318326,0.03913893,-0.01091075,0.03586154
3474994697.687000,-2.99084081,4.40831016,-12.77783139,0.03723118,-0.01208441,0.03539164
3474994697.718000,-2.82455967,4.25080326,-12.35396782,0.03655801,-0.01228497,0.03365386
3474994697.734000,-2.67829105,4.06032067,-12.05598000,0.03412839,-0.01318228,0.03246726
3474994697.750000,-2.51687242,3.80882078,-11.54158070,0.03216436,-0.01356453,0.03025032
3474994697.765000,-2.33783836,3.55174163,-11.02184215,0.02926420,-0.01377841,0.02824355
3474994697.796000,-2.17132835,3.32200501,-10.51937043,0.02642006,-0.01398282,0.02639423
3474994697.812000,-2.05018903,3.09703414,-10.15456180,0.02425965,-0.01443278,0.02517185
3474994697.828000,-1.95010307,2.91831356,-9.53533039,0.02249822,-0.01281609,0.02368407
3474994697.843000,-1.83443331,2.77536605,-9.03598613,0.02225930,-0.01229954,0.02196078
3474994697.875000,-1.71461211,2.57750815,-8.54924859,0.02039275,-0.01204001,0.02006978
3474994697.890000,-1.61179209,2.36651041,-8.07271294,0.01797967,-0.01198720,0.01816750
3474994697.906000,-1.55434077,2.19987414,-7.52284550,0.01585756,-0.01054201,0.01661918
3474994697.937000,-1.52464074,2.17387481,-7.26574182,0.01671687,-0.00963560,0.01643924
3474994697.953000,-1.46078340,2.16596135,-7.32109695,0.01773917,-0.01050113,0.01677490
3474994697.968000,-1.36477031,2.00019287,-7.05017438,0.01572126,-0.01082455,0.01578385
3474994697.984000,-1.21922583,1.77604805,-6.65970557,0.01245228,-0.01177959,0.01421267
3474994698.015000,-1.07223679,1.56385222,-6.21893247,0.01011877,-0.01187732,0.01313868
3474994698.031000,-0.99375068,1.54993615,-6.15135481,0.01091695,-0.01260409,0.01239896
3474994698.046000,-0.95449203,1.53788254,-6.20998784,0.01154449,-0.01328037,0.01304724
3474994698.078000,-0.97803577,1.50629690,-5.96063573,0.01130402,-0.01196873,0.01357282
3474994698.093000,-0.87653199,1.40176213,-5.79958047,0.01010683,-0.01252456,0.01335773
3474994698.109000,-0.79324445,1.29326203,-5.27965879,0.00931364,-0.01147251,0.01228076
3474994698.125000,-0.67161637,1.12269405,-5.04975432,0.00766675,-0.01225017,0.01147356
3474994698.156000,-0.69567848,1.05347561,-4.82091340,0.00570278,-0.01119800,0.01167633
3474994698.171000,-0.70162864,1.03267985,-4.72529002,0.00527356,-0.01047040,0.01260688
3474994698.187000,-0.70133236,1.01072181,-4.53177707,0.00497718,-0.00952578,0.01249642
3474994698.218000,-0.62558516,1.00282837,-4.40636547,0.00631997,-0.00976018,0.01236367
3474994698.234000,-0.51249981,0.88038448,-4.09494210,0.00657755,-0.01044156,0.01172571
3474994698.250000,-0.47400410,0.81146394,-3.87765528,0.00533599,-0.00969413,0.01154049
3474994698.265000,-0.45676748,0.76185320,-3.71037407,0.00446541,-0.00948832,0.01152802
3474994698.296000,-0.44853654,0.75464036,-3.55614897,0.00487064,-0.00883112,0.01128902
3474994698.312000,-0.44732426,0.70530528,-3.45940875,0.00388221,-0.00844855,0.01162057
3474994698.328000,-0.47180229,0.66235848,-3.11754681,0.00277054,-0.00645357,0.01150964
3474994698.343000,-0.45378439,0.60754020,-2.98513199,0.00216744,-0.00616035,0.01180618
3474994698.375000,-0.44185512,0.58804084,-2.77124070,0.00224353,-0.00549000,0.01130093
3474994698.390000,-0.42546100,0.53271450,-2.66256412,0.00124590,-0.00501445,0.01077498
3474994698.406000,-0.44203221,0.55182896,-2.62850637,0.00173348,-0.00467935,0.01094204
3474994698.437000,-0.46763576,0.58573795,-2.62749059,0.00226061,-0.00430298,0.01087033
3474994698.453000,-0.48873939,0.60944371,-2.73647492,0.00298580,-0.00473753,0.01107569
3474994698.468000,-0.49675666,0.63904754,-2.80239524,0.00411299,-0.00489476,0.01141455
3474994698.484000,-0.44729930,0.62734406,-2.73936115,0.00400743,-0.00495813,0.01076595
3474994698.515000,-0.47582808,0.62030401,-2.75268364,0.00333807,-0.00449857,0.01112266
3474994698.531000,-0.48350827,0.62350074,-2.86613644,0.00256683,-0.00537572,0.01167775
3474994698.546000,-0.48647341,0.64625752,-2.96897918,0.00304503,-0.00564340,0.01236579
3474994698.578000,-0.44058772,0.62831282,-3.00566510,0.00431389,-0.00624218,0.01215159
3474994698.593000,-0.47493498,0.67180376,-2.92036750,0.00445154,-0.00560712,0.01194278
3474994698.609000,-0.49959818,0.66178481,-2.88180458,0.00386029,-0.00503252,0.01211312
3474994698.625000,-0.47850969,0.62627610,-2.89998742,0.00306453,-0.00561382,0.01209874
3474994698.656000,-0.43644500,0.59769670,-2.93260984,0.00283453,-0.00645632,0.01208049
3474994698.671000,-0.46582488,0.62937353,-2.91726060,0.00268280,-0.00596949,0.01217280
3474994698.687000,-0.46917747,0.62192509,-2.92739461,0.00276735,-0.00585463,0.01252457
3474994698.703000,-0.45186355,0.59990345,-3.03801363,0.00262175,-0.00692850,0.01287664
3474994698.734000,-0.43991662,0.61070635,-2.98606999,0.00234675,-0.00658636,0.01246746
3474994698.750000,-0.41125322,0.64806015,-3.09921249,0.00332399,-0.00746884,0.01232382
3474994698.765000,-0.44439320,0.65266006,-3.12463847,0.00439126,-0.00703332,0.01259140
3474994698.796000,-0.45295315,0.65829081,-3.12777735,0.00312332,-0.00697877,0.01251961
3474994698.812000,-0.46910235,0.62833393,-3.07226503,0.00253421,-0.00638185,0.01265136
3474994698.828000,-0.43612184,0.65699338,-3.09299240,0.00322372,-0.00677872,0.01241540
3474994698.843000,-0.39851263,0.61589851,-3.04906778,0.00298532,-0.00744301,0.01225097
3474994698.875000,-0.40287262,0.57405949,-2.96721574,0.00190688,-0.00709007,0.01199100
3474994698.890000,-0.39376699,0.57429677,-2.99288318,0.00214448,-0.00731706,0.01233686
3474994698.906000,-0.42791259,0.58932425,-3.01266799,0.00126958,-0.00683899,0.01210843
3474994698.937000,-0.43265905,0.62000392,-3.01633224,0.00285224,-0.00666603,0.01195190
3474994698.953000,-0.45267872,0.65270191,-3.09333238,0.00357431,-0.00678656,0.01260395
3474994698.968000,-0.41589927,0.64469919,-3.09063898,0.00322456,-0.00708291,0.01201841
3474994698.984000,-0.40313394,0.62295931,-3.07492225,0.00263695,-0.00725297,0.01201839
3474994699.015000,-0.41920334,0.62419819,-3.13580443,0.00284859,-0.00746323,0.01247074
3474994699.031000,-0.47752409,0.63503104,-3.14118284,0.00214895,-0.00684818,0.01278888
3474994699.046000,-0.51045170,0.66376001,-3.12600504,0.00253628,-0.00618663,0.01315569
3474994699.078000,-0.52347741,0.72532792,-3.23297136,0.00360993,-0.00638185,0.01321912
3474994699.093000,-0.54060580,0.77779340,-3.47611179,0.00454638,-0.00760950,0.01355026
3474994699.109000,-0.56553306,0.80623319,-3.53639886,0.00492846,-0.00699952,0.01367164
3474994699.125000,-0.62451307,0.85158042,-3.63838490,0.00573659,-0.00677298,0.01388765
3474994699.156000,-0.68342838,0.91626509,-3.74923872,0.00638494,-0.00645026,0.01414943
3474994699.171000,-0.72477944,0.96183714,-3.89512576,0.00686043,-0.00648126,0.01471359
3474994699.187000,-0.72949619,1.03172937,-4.19698338,0.00761798,-0.00800017,0.01499873
3474994699.203000,-0.81294964,1.10863002,-4.45456080,0.00813169,-0.00815401,0.01577496
3474994699.234000,-0.85874133,1.13188892,-4.55953149,0.00801676,-0.00791460,0.01611247
3474994699.250000,-0.88492918,1.17554452,-4.60902289,0.00829823,-0.00752163,0.01576243
3474994699.265000,-0.90541366,1.25132673,-4.99649382,0.00979053,-0.00924662,0.01665194
3474994699.296000,-0.92252675,1.37207706,-5.36446940,0.01153790,-0.01059033,0.01717049
3474994699.312000,-0.98790745,1.48741054,-5.70513444,0.01326781,-0.01093221,0.01860573
3474994699.328000,-1.09990886,1.57208513,-6.01574838,0.01412870,-0.01084968,0.01984336
3474994699.343000,-1.11213564,1.66259679,-6.47276646,0.01468043,-0.01259779,0.02061560
3474994699.375000,-1.21652039,1.75159355,-6.68974277,0.01488406,-0.01234241,0.02144528
3474994699.390000,-1.35534566,1.79364028,-6.65560281,0.01408998,-0.01036489,0.02151156
3474994699.406000,-1.40110155,1.86579620,-6.81507504,0.01577377,-0.01043207,0.02211045
3474994699.437000,-1.45622855,1.95114395,-7.19558290,0.01660472,-0.01152022,0.02250148
3474994699.453000,-1.62006983,2.12076933,-7.65860153,0.01723568,-0.01140604,0.02344958
3474994699.468000,-1.79091228,2.29754488,-8.03011558,0.01843641,-0.01027639,0.02486371
3474994699.484000,-1.89554170,2.40218879,-8.36546109,0.01858219,-0.01039340,0.02567159
3474994699.515000,-1.93401044,2.48120499,-8.71251569,0.01890162,-0.01114003,0.02580663
3474994699.531000,-1.99283426,2.63833463,-9.21116010,0.02014988,-0.01257276,0.02669682
3474994699.546000,-2.09554447,2.81527872,-9.87635764,0.02169622,-0.01428816,0.02892227
3474994699.578000,-2.20409827,2.94094572,-10.49127928,0.02209010,-0.01580934,0.03020930
3474994699.593000,-2.28804473,3.07018026,-10.73181687,0.02218046,-0.01541779,0.03074043
3474994699.609000,-2.35975991,3.15278667,-10.95970403,0.02359843,-0.01535081,0.03105432
3474994699.625000,-2.44323636,3.29221958,-11.20835081,0.02409297,-0.01515866,0.03189411
3474994699.656000,-2.53961443,3.42653975,-11.30224004,0.02557092,-0.01397533,0.03245495
3474994699.671000,-2.60634928,3.56448588,-11.89555213,0.02694448,-0.01543590,0.03352007
3474994699.687000,-2.71204587,3.71144201,-12.12520774,0.02774992,-0.01508597,0.03388855
3474994699.718000,-2.78681541,3.84063674,-12.44703174,0.02969718,-0.01508733,0.03486249
3474994699.734000,-2.87030311,3.98207619,-12.50715550,0.03100690,-0.01397289,0.03555061
3474994699.750000,-2.94332024,4.13670126,-12.89233556,0.03247992,-0.01421055,0.03742266
3474994699.765000,-3.00768932,4.17629818,-13.19111635,0.03140924,-0.01492377,0.03916745
3474994699.796000,-3.03072942,4.19752034,-13.32196577,0.03191610,-0.01518222,0.04035629
3474994699.812000,-3.00935409,4.23425512,-13.38586191,0.03321072,-0.01572807,0.04069522
3474994699.828000,-3.04592973,4.30324259,-13.63318288,0.03401575,-0.01637748,0.04170664
3474994699.843000,-3.14157771,4.42646456,-13.87409251,0.03475788,-0.01633382,0.04281037
3474994699.875000,-3.18308728,4.50001786,-13.96821979,0.03541786,-0.01592145,0.04328009
3474994699.890000,-3.20898903,4.53768479,-13.94001404,0.03648553,-0.01523838,0.04302092
3474994699.906000,-3.12137587,4.46306220,-13.92052954,0.03541687,-0.01676567,0.04256831
3474994699.937000,-3.03406876,4.35529691,-13.68096044,0.03422376,-0.01689392,0.04158397
3474994699.953000,-2.96741809,4.27716246,-13.38185537,0.03378728,-0.01606484,0.04070645
3474994699.968000,-2.82532402,4.08757524,-13.01347917,0.03253186,-0.01652554,0.03949350
3474994699.984000,-2.60953349,3.83157921,-12.37713499,0.03061465,-0.01697823,0.03699201
3474994700.015000,-2.37594713,3.47221243,-11.62795945,0.02709831,-0.01709951,0.03450430
3474994700.031000,-2.15507473,3.14012129,-10.91336138,0.02339168,-0.01715959,0.03205624
3474994700.046000,-2.01108900,2.84895903,-10.14965009,0.01925932,-0.01671730,0.02934220
3474994700.078000,-1.80786249,2.50961408,-9.27891948,0.01676336,-0.01588209,0.02641353
3474994700.093000,-1.54565321,2.15404408,-8.57942613,0.01247331,-0.01682364,0.02363740
3474994700.109000,-1.36788385,1.92680145,-7.83322827,0.01107209,-0.01573437,0.02090645
3474994700.125000,-1.26914688,1.81191924,-7.31752183,0.01083420,-0.01453599,0.01908568
3474994700.156000,-1.13906636,1.63942901,-6.89991299,0.00947641,-0.01476520,0.01820074
3474994700.171000,-0.96377153,1.43877891,-6.80725601,0.00553762,-0.01663345,0.01681885
3474994700.187000,-0.79751332,1.30904425,-6.63864468,0.00437145,-0.01798596,0.01534079
3474994700.218000,-0.71772300,1.21757587,-6.48575781,0.00310825,-0.01854551,0.01492524
3474994700.234000,-0.73233183,1.14604137,-6.17863828,0.00262248,-0.01698632,0.01549881
3474994700.250000,-0.68454472,1.09589470,-5.90728230,0.00302608,-0.01630953,0.01582822
3474994700.265000,-0.68769887,0.97903602,-5.55193010,0.00045787,-0.01501580,0.01573859
3474994700.296000,-0.58183481,0.89882728,-5.51768288,-0.00073626,-0.01647632,0.01584434
3474994700.312000,-0.52800512,0.85769795,-5.23273521,-0.00013040,-0.01576214,0.01507912
3474994700.328000,-0.51585851,0.84334368,-5.10286114,0.00045749,-0.01527485,0.01471315
3474994700.359000,-0.46705754,0.79881237,-5.12449868,0.00004598,-0.01580951,0.01376006
3474994700.375000,-0.44692168,0.78865107,-4.89070214,0.00095363,-0.01524223,0.01321577
3474994700.390000,-0.40962747,0.71042757,-4.67247022,-0.00076627,-0.01462136,0.01247771
3474994700.406000,-0.35628500,0.63142811,-4.36560495,-0.00187542,-0.01407423,0.01139782
3474994700.437000,-0.25272458,0.49847894,-4.08359715,-0.00366084,-0.01409983,0.00999181
3474994700.453000,-0.20653570,0.46537439,-4.00438398,-0.00331427,-0.01434262,0.00980426
3474994700.468000,-0.20356202,0.48411042,-3.87978525,-0.00185784,-0.01350582,0.00913188
3474994700.484000,-0.16640715,0.45159894,-3.80035484,-0.00175463,-0.01381449,0.00870595
3474994700.515000,-0.19086938,0.42612109,-3.62648576,-0.00236544,-0.01291869,0.00889974
3474994700.531000,-0.16917329,0.40820733,-3.55160715,-0.00281705,-0.01283275,0.00907410
3474994700.546000,-0.15331527,0.41005066,-3.42899702,-0.00215583,-0.01212072,0.00844188
3474994700.578000,-0.11973148,0.41835348,-3.38172619,-0.00089431,-0.01228712,0.00840978
3474994700.593000,-0.19003363,0.42650091,-3.32908378,-0.00145631,-0.01139077,0.00901313
3474994700.609000,-0.21239682,0.40716724,-3.27165649,-0.00305222,-0.01074238,0.01017426
3474994700.625000,-0.23591933,0.36180966,-3.11723458,-0.00384756,-0.00967465,0.01068040
3474994700.656000,-0.16155681,0.29486267,-2.83380006,-0.00459569,-0.00944062,0.00963577
3474994700.671000,-0.09903062,0.25744222,-2.76114376,-0.00419307,-0.01015385,0.00928217
3474994700.687000,-0.12456343,0.25160589,-2.72039498,-0.00448704,-0.00940685,0.00902383
3474994700.703000,-0.11282969,0.24982714,-2.73464766,-0.00432825,-0.00987911,0.00869819
3474994700.734000,-0.11739952,0.24526564,-2.69330416,-0.00474871,-0.00901376,0.00829259
3474994700.750000,-0.05563852,0.19433288,-2.63916123,-0.00552837,-0.00997096,0.00758009
3474994700.765000,-0.02641330,0.14671269,-2.56993919,-0.00548469,-0.00997649,0.00727241
3474994700.796000,-0.04777229,0.17733296,-2.48459643,-0.00520354,-0.00930693,0.00714291
3474994700.812000,-0.05249717,0.18486968,-2.49832200,-0.00424226,-0.00948750,0.00701383
3474994700.828000,-0.07343374,0.17187964,-2.41778485,-0.00540870,-0.00870558,0.00688434
3474994700.843000,-0.02178531,0.13962088,-2.55613397,-0.00652619,-0.00994190,0.00739853
3474994700.875000,-0.05994081,0.15688589,-2.51359034,-0.00606655,-0.00951780,0.00736605
3474994700.890000,-0.10126898,0.18137058,-2.54038147,-0.00532833,-0.00902128,0.00779621
3474994700.906000,-0.14729381,0.21835385,-2.54216115,-0.00512902,-0.00848864,0.00803890
3474994700.937000,-0.16049528,0.22527233,-2.50986500,-0.00595895,-0.00804275,0.00770303
3474994700.953000,-0.13961060,0.20808522,-2.48252086,-0.00567642,-0.00836153,0.00762104
3474994700.968000,-0.09219648,0.21046200,-2.59129395,-0.00508670,-0.00909570,0.00814885
3474994700.984000,-0.14214384,0.20199009,-2.56270633,-0.00594182,-0.00865549,0.00842706
3474994701.015000,-0.17632181,0.25583068,-2.61983370,-0.00493524,-0.00838566,0.00838338
3474994701.031000,-0.18870697,0.29268600,-2.74626416,-0.00424818,-0.00840526,0.00860199
3474994701.046000,-0.16857793,0.30640382,-2.82743096,-0.00396975,-0.00932876,0.00837925
3474994701.078000,-0.16902350,0.26634555,-2.75218090,-0.00453275,-0.00889698,0.00796173
3474994701.093000,-0.18491752,0.28139225,-2.71287152,-0.00490980,-0.00869043,0.00844484
3474994701.109000,-0.15624539,0.27293494,-2.66439071,-0.00354612,-0.00895153,0.00809043
3474994701.125000,-0.17677213,0.27697137,-2.80351872,-0.00414584,-0.00912403,0.00837933
3474994701.156000,-0.21049637,0.30710255,-2.82140852,-0.00408193,-0.00893477,0.00849628
3474994701.171000,-0.22330787,0.34404448,-2.90656920,-0.00419718,-0.00886357,0.00849153
3474994701.187000,-0.21406407,0.33052132,-2.99168415,-0.00385547,-0.00942915,0.00893496
3474994701.218000,-0.24064292,0.32356640,-2.82271518,-0.00451885,-0.00823699,0.00811762
3474994701.234000,-0.22836044,0.33060371,-2.83705518,-0.00395586,-0.00842137,0.00799530
3474994701.250000,-0.28303827,0.36891228,-2.94082024,-0.00386233,-0.00824357,0.00821345
3474994701.265000,-0.30299947,0.38347711,-3.09541527,-0.00357074,-0.00880532,0.00892068
3474994701.296000,-0.34961738,0.43588079,-3.13716495,-0.00291917,-0.00863802,0.00903198
3474994701.312000,-0.36742663,0.45566416,-3.17996353,-0.00349399,-0.00842801,0.00860149
3474994701.328000,-0.33660968,0.46903160,-3.40583708,-0.00179774,-0.00953476,0.00940978
3474994701.343000,-0.37451042,0.54735604,-3.60052152,-0.00128982,-0.01001584,0.00980750
3474994701.375000,-0.43773914,0.60342854,-3.63662098,-0.00118130,-0.00908501,0.00985849
3474994701.390000,-0.50876000,0.65852910,-3.95260832,-0.00053266,-0.00952802,0.01049932
3474994701.406000,-0.55848163,0.76067003,-4.27585979,0.00012121,-0.01049227,0.01145797
3474994701.437000,-0.62564129,0.84594382,-4.55445884,0.00179357,-0.01060565,0.01195731
3474994701.453000,-0.69727972,0.93812212,-4.76789039,0.00223746,-0.01031178,0.01224707
3474994701.468000,-0.76753909,1.01017257,-5.16182769,0.00258109,-0.01150281,0.01345415
3474994701.484000,-0.84301471,1.09850039,-5.52909704,0.00276031,-0.01234535,0.01416582
3474994701.515000,-0.95367312,1.25110150,-6.18722264,0.00432981,-0.01395451,0.01654391
3474994701.531000,-1.09626014,1.37510191,-6.34560589,0.00467577,-0.01259348,0.01716918
3474994701.546000,-1.24624661,1.48073963,-6.51408600,0.00524107,-0.01152600,0.01832844
3474994701.578000,-1.19632557,1.51292823,-6.85681361,0.00579368,-0.01345154,0.01837018
3474994701.593000,-1.24660202,1.57024492,-7.08752139,0.00592880,-0.01403204,0.01887193
3474994701.609000,-1.37178780,1.71052210,-7.72374166,0.00504348,-0.01509101,0.02017282
3474994701.625000,-1.58520135,1.91433251,-8.22291740,0.00632405,-0.01431584,0.02163267
3474994701.656000,-1.68543594,2.01802692,-8.70897673,0.00731609,-0.01517678,0.02267269
3474994701.671000,-1.69190181,2.05840234,-9.01841541,0.00734851,-0.01656816,0.02201347
3474994701.687000,-1.72558326,2.23174288,-9.68198552,0.00985162,-0.01914952,0.02309243
3474994701.703000,-1.91368413,2.45015089,-10.25444255,0.01191396,-0.01885905,0.02465441
3474994701.734000,-2.06090821,2.71668418,-10.70305141,0.01406179,-0.01895059,0.02581498
3474994701.750000,-2.09327058,2.79219625,-11.26224297,0.01548004,-0.02125521,0.02717398
3474994701.765000,-2.08732174,2.89686693,-11.48278889,0.01652149,-0.02239477,0.02654634
3474994701.796000,-2.11793615,2.93099751,-11.74517248,0.01640823,-0.02287450,0.02622248
3474994701.812000,-2.20179052,3.04451036,-11.92374520,0.01768865,-0.02227867,0.02675702
3474994701.828000,-2.37224977,3.24698683,-12.34423790,0.01973981,-0.02172581,0.02858396
3474994701.843000,-2.45522711,3.54636934,-13.08983206,0.02482600,-0.02361176,0.03057268
3474994701.875000,-2.54524326,3.80985278,-13.95983211,0.02879248,-0.02629855,0.03326692
3474994701.890000,-2.62769709,3.95788341,-14.45456212,0.02983872,-0.02751421,0.03490168
3474994701.906000,-2.78996240,4.08882479,-14.52317282,0.03007284,-0.02562975,0.03613824
3474994701.937000,-2.90512720,4.22594461,-14.89453842,0.03094296,-0.02586975,0.03807805
3474994701.953000,-2.94978796,4.37239635,-15.28143957,0.03385445,-0.02650095,0.03946709
3474994701.968000,-3.06822100,4.56836440,-15.49736813,0.03689354,-0.02551660,0.03984812
3474994701.984000,-3.19025188,4.65375662,-15.54734738,0.03598536,-0.02357000,0.03991727
3474994702.015000,-3.28661263,4.72794535,-15.71678411,0.03445052,-0.02311506,0.04041336
3474994702.031000,-3.28375801,4.75237327,-15.96867170,0.03436299,-0.02411763,0.04000698
3474994702.046000,-3.27507853,4.76236217,-16.00155253,0.03477027,-0.02437941,0.04019503
3474994702.078000,-3.29636197,4.80099806,-15.82930498,0.03596866,-0.02321690,0.04004718
3474994702.093000,-3.29010998,4.73966566,-16.09176482,0.03426266,-0.02462359,0.04103402
3474994702.109000,-3.27343298,4.73835912,-15.94857118,0.03340855,-0.02425147,0.04083670
3474994702.125000,-3.19787715,4.68668808,-15.72395645,0.03365917,-0.02436556,0.04048096
3474994702.156000,-3.15644794,4.61412919,-15.44060403,0.03414117,-0.02355491,0.03974694
3474994702.171000,-3.12217531,4.58162606,-15.19601028,0.03354636,-0.02276296,0.03968823
3474994702.187000,-3.01802845,4.42660259,-14.72582683,0.03292884,-0.02202341,0.03839435
3474994702.203000,-2.80455182,4.13814853,-14.05325660,0.03014753,-0.02196657,0.03653544
3474994702.234000,-2.49288792,3.79291805,-13.17265627,0.02884338,-0.02259257,0.03320308
3474994702.250000,-2.23969682,3.39370568,-12.09159634,0.02445691,-0.02173381,0.02972620
3474994702.265000,-2.05602630,3.03675708,-11.15870404,0.02122207,-0.02023903,0.02732738
3474994702.296000,-1.76838887,2.75953285,-10.62354618,0.01848855,-0.02188656,0.02492079
3474994702.312000,-1.47273408,2.43554149,-9.83161165,0.01641665,-0.02273512,0.02208597
3474994702.328000,-1.17639988,2.20411993,-9.21331816,0.01641012,-0.02383585,0.01985944
3474994702.343000,-0.96922321,2.04820020,-8.60297552,0.01749303,-0.02376561,0.01748890
3474994702.375000,-0.76986521,1.92681126,-8.34117374,0.01858293,-0.02545891,0.01585754
3474994702.390000,-0.64065726,1.79902280,-7.79877312,0.01906998,-0.02452315,0.01446809
3474994702.406000,-0.49844685,1.56183696,-7.42938720,0.01502427,-0.02498413,0.01310255
3474994702.437000,-0.36813113,1.32260275,-6.77205296,0.01169345,-0.02371332,0.01177226
3474994702.453000,-0.22986235,1.10588557,-6.33247034,0.00882539,-0.02374203,0.01054203
3474994702.468000,-0.19701293,0.98747497,-5.75727941,0.00743242,-0.02179614,0.00940242
3474994702.484000,-0.13012043,0.97971667,-5.61610795,0.00812480,-0.02186382,0.00904128
3474994702.515000,-0.10037420,0.93568472,-5.41143938,0.00839594,-0.02140375,0.00892086
3474994702.531000,-0.12035919,0.87953017,-5.02050748,0.00677999,-0.01902394,0.00878783
3474994702.546000,-0.09069506,0.71718031,-4.53482897,0.00438113,-0.01771229,0.00812552
3474994702.578000,-0.00663058,0.55448796,-3.98704933,0.00197643,-0.01622022,0.00709888
3474994702.593000,0.11958174,0.45915329,-3.80362415,0.00203522,-0.01715248,0.00672297
3474994702.609000,0.09011962,0.46416445,-3.59876365,0.00309883,-0.01603131,0.00664790
3474994702.625000,0.02854918,0.51256691,-3.38159781,0.00393230,-0.01412952,0.00730282
3474994702.656000,0.03870220,0.53176303,-3.34828486,0.00466571,-0.01418346,0.00817394
3474994702.671000,0.09139900,0.52319964,-3.14241136,0.00630793,-0.01377410,0.00900264
3474994702.687000,0.12307830,0.44557046,-2.92166520,0.00430562,-0.01310537,0.00956281
3474994702.718000,0.10179283,0.37624156,-2.65369552,0.00297057,-0.01201610,0.01106588
3474994702.734000,0.14341456,0.31319231,-2.46555362,0.00238240,-0.01162326,0.01243828
3474994702.750000,0.14007632,0.26461473,-2.18134388,0.00153639,-0.01057996,0.01253532
3474994702.765000,0.21135969,0.21521381,-2.03254300,0.00211615,-0.01064319,0.01212824
3474994702.796000,0.17238870,0.19099458,-1.80568021,0.00130495,-0.00916524,0.01135851
3474994702.812000,0.14764516,0.18298852,-1.85300897,0.00012636,-0.00922493,0.01162305
3474994702.828000,0.18054177,0.15312348,-1.76651350,-0.00032133,-0.00945754,0.01116313
3474994702.843000,0.25475567,0.06900566,-1.74601131,-0.00104662,-0.01012103,0.01013408
3474994702.875000,0.31206150,0.06350172,-1.70614018,-0.00093817,-0.01082292,0.00939079
3474994702.890000,0.28640917,0.08217782,-1.69673457,-0.00037283,-0.01025059,0.00920331
3474994702.906000,0.25684284,0.07922893,-1.64595570,0.00008609,-0.00970695,0.00913331
3474994702.937000,0.22229692,0.06668832,-1.46237862,-0.00095460,-0.00807103,0.00840579
3474994702.953000,0.20987385,0.06028418,-1.43102199,-0.00167521,-0.00808381,0.00852678
3474994702.968000,0.22711346,0.04561156,-1.43220951,-0.00212146,-0.00824172,0.00864466
3474994702.984000,0.21981827,0.05004096,-1.39935378,-0.00160185,-0.00799758,0.00916203
3474994703.015000,0.19912727,0.05819103,-1.45188445,-0.00164982,-0.00797142,0.00938723
3474994703.031000,0.16158829,0.08606441,-1.52220600,-0.00178886,-0.00775353,0.00965412
3474994703.046000,0.16999548,0.07165199,-1.46261349,-0.00189696,-0.00793115,0.00965794
3474994703.078000,0.18360360,0.05861312,-1.40541668,-0.00223824,-0.00772967,0.00998794
3474994703.093000,0.23652804,0.02925130,-1.31578397,-0.00239347,-0.00766841,0.00891105
3474994703.109000,0.22333107,0.02219801,-1.33175108,-0.00213629,-0.00764193,0.00866684
3474994703.125000,0.20528408,0.01375555,-1.10897826,-0.00164194,-0.00621699,0.00785835
3474994703.156000,0.21051570,0.01996459,-1.33207893,-0.00216431,-0.00753253,0.00858682
3474994703.171000,0.19237148,0.01850225,-1.21117673,-0.00189170,-0.00683162,0.00790652
3474994703.187000,0.16371026,0.02763398,-1.29209550,-0.00269078,-0.00690123,0.00836328
3474994703.203000,0.12126967,0.06042906,-1.19882088,-0.00223843,-0.00585712,0.00819816
3474994703.234000,0.12616032,0.04283669,-1.20176864,-0.00288199,-0.00562514,0.00836133
3474994703.250000,0.14775813,0.05049022,-1.25949477,-0.00225056,-0.00614007,0.00869884
3474994703.265000,0.17653507,0.03263481,-1.24089193,-0.00252933,-0.00627932,0.00827151
3474994703.296000,0.16345306,0.03938304,-1.19786122,-0.00237925,-0.00592027,0.00804749
3474994703.312000,0.12451800,0.04792122,-1.21455802,-0.00241524,-0.00582201,0.00768497
3474994703.328000,0.09965703,0.09891688,-1.35908075,-0.00204393,-0.00628094,0.00816701
3474994703.343000,0.09222411,0.05815411,-1.54455768,-0.00403034,-0.00698101,0.00859483
3474994703.375000,0.09758545,0.07402810,-1.50053315,-0.00265979,-0.00678134,0.00915354
3474994703.390000,0.14789887,0.03088166,-1.48265087,-0.00332447,-0.00770369,0.00902403
3474994703.406000,0.14818707,0.00159285,-1.51898931,-0.00391593,-0.00761920,0.00901744
3474994703.437000,0.10578035,0.06893912,-1.51754865,-0.00294201,-0.00680001,0.00899623
3474994703.453000,0.05144447,0.11812828,-1.67177204,-0.00253301,-0.00706002,0.00951194
3474994703.468000,0.08789424,0.11397123,-1.65011151,-0.00226196,-0.00709572,0.00873623
3474994703.484000,0.10361615,0.12778124,-1.61977949,-0.00145119,-0.00719986,0.00826973
3474994703.515000,0.08011505,0.12229780,-1.82937149,-0.00226908,-0.00819561,0.00931285
3474994703.531000,0.01660769,0.16898165,-1.90628337,-0.00167924,-0.00749146,0.00926909
3474994703.546000,-0.05471939,0.27257185,-2.17621635,-0.00002289,-0.00796302,0.00996069
3474994703.578000,-0.11837041,0.37377766,-2.38581823,0.00149633,-0.00771230,0.01009120
3474994703.593000,-0.20632616,0.49892472,-2.83577453,0.00278095,-0.00861980,0.01102422
3474994703.609000,-0.32819238,0.65834117,-3.29624944,0.00360392,-0.00899931,0.01189075
3474994703.625000,-0.47428764,0.82587160,-3.68795909,0.00604562,-0.00863546,0.01320305
3474994703.656000,-0.51690128,0.93299947,-4.13460822,0.00722659,-0.00990986,0.01358694
3474994703.671000,-0.55840941,1.04748825,-4.70182214,0.00833137,-0.01203049,0.01468242
3474994703.687000,-0.71477762,1.20100501,-5.06122156,0.00895501,-0.01153617,0.01506337
3474994703.718000,-0.93556712,1.34415297,-5.37732248,0.00999181,-0.00981308,0.01667490
3474994703.734000,-1.13088971,1.49471825,-5.83576579,0.01130272,-0.00941191,0.01863489
3474994703.750000,-1.26448213,1.69266447,-6.44067669,0.01272064,-0.01036514,0.02017676
3474994703.765000,-1.36486660,1.83865493,-6.84969304,0.01378445,-0.01063977,0.02113332
3474994703.796000,-1.45675051,2.02206485,-7.47588071,0.01583998,-0.01236494,0.02254072
3474994703.812000,-1.60287642,2.18577829,-7.92200216,0.01684155,-0.01216376,0.02380922
3474994703.828000,-1.79904493,2.39862882,-8.31819938,0.01848037,-0.01139785,0.02548494
3474994703.859000,-1.93660412,2.58350356,-8.90777311,0.01962617,-0.01193639,0.02699698
3474994703.875000,-2.00799634,2.77076118,-9.66074553,0.02104554,-0.01440715,0.02822161
3474994703.890000,-2.12925083,2.95081453,-10.23307268,0.02159972,-0.01513420,0.02946334
3474994703.906000,-2.27484502,3.08767465,-10.72470628,0.02168001,-0.01564255,0.03106100
3474994703.937000,-2.42817409,3.33650484,-11.12647250,0.02432906,-0.01454119,0.03295541
3474994703.953000,-2.62373860,3.61770940,-11.63278205,0.02628554,-0.01381677,0.03506108
3474994703.968000,-2.75533418,3.78510177,-11.84641706,0.02648724,-0.01228645,0.03687538
3474994703.984000,-2.80462459,3.85278544,-12.19134280,0.02577419,-0.01293869,0.03779883
3474994704.015000,-2.86951672,3.96705840,-12.69002649,0.02554794,-0.01433364,0.03962937
3474994704.031000,-2.98040539,4.14149904,-13.27888800,0.02758984,-0.01510350,0.04176479
3474994704.046000,-3.08413377,4.34269063,-13.94978487,0.02943995,-0.01683681,0.04359977
3474994704.078000,-3.16452084,4.47067964,-14.22835508,0.03065472,-0.01712921,0.04402498
3474994704.093000,-3.11091816,4.45121291,-14.43780961,0.02990226,-0.01877331,0.04361713
3474994704.109000,-3.22073716,4.55676970,-14.67621987,0.03091321,-0.01843749,0.04393275
3474994704.125000,-3.31334610,4.72656696,-15.07947719,0.03359031,-0.01888822,0.04472754
3474994704.156000,-3.28903474,4.78581068,-15.54300191,0.03333726,-0.02127745,0.04482311
3474994704.171000,-3.36010261,4.82752866,-15.88666298,0.03303826,-0.02202580,0.04545483
3474994704.187000,-3.52350308,4.96408554,-16.07158042,0.03346685,-0.02048939,0.04623426
3474994704.218000,-3.56529490,5.06134664,-16.42044399,0.03359504,-0.02151780,0.04691675
3474994704.234000,-3.59823426,5.09999077,-16.46279554,0.03470791,-0.02103335,0.04734802
3474994704.250000,-3.54024741,5.03166764,-16.37852988,0.03288059,-0.02164357,0.04668811
3474994704.265000,-3.46941955,4.97259428,-16.17294690,0.03208738,-0.02152859,0.04598427
3474994704.296000,-3.40253660,4.89511341,-15.88074630,0.03238153,-0.02103589,0.04532960
3474994704.312000,-3.29215131,4.76267240,-15.43329380,0.03070560,-0.02034337,0.04498730
3474994704.328000,-3.15473049,4.53513676,-14.87176169,0.02852230,-0.02011106,0.04334184
3474994704.343000,-2.92452861,4.20970449,-13.97871033,0.02550311,-0.01924364,0.04113818
3474994704.375000,-2.68674828,3.93457218,-13.25608887,0.02460146,-0.01939979,0.03892722
3474994704.390000,-2.42567830,3.56289459,-12.20362174,0.02186151,-0.01832268,0.03521529
3474994704.406000,-2.19291089,3.14598656,-11.09600666,0.01886026,-0.01713843,0.03200736
3474994704.437000,-1.90818820,2.70968782,-9.82959349,0.01540640,-0.01593105,0.02734224
3474994704.453000,-1.68834694,2.33468510,-8.72042051,0.01284157,-0.01477219,0.02417690
3474994704.468000,-1.46681495,1.97920178,-7.69171688,0.00983829,-0.01350281,0.02175680
3474994704.484000,-1.25387954,1.70946170,-6.69296460,0.00832003,-0.01158792,0.01935725
3474994704.515000,-1.03664127,1.43828837,-5.65165990,0.00671050,-0.01006005,0.01711301
3474994704.531000,-0.79633638,1.12574164,-4.69915687,0.00479572,-0.00880186,0.01563414
3474994704.546000,-0.66115142,0.88020091,-3.73110937,0.00403237,-0.00654932,0.01451426
3474994704.578000,-0.53088010,0.72967743,-3.20180399,0.00339597,-0.00599937,0.01362572
3474994704.593000,-0.54236312,0.67817728,-2.82357751,0.00337506,-0.00391025,0.01363571
3474994704.609000,-0.45755737,0.60602865,-2.83105037,0.00279226,-0.00542487,0.01384461
3474994704.625000,-0.39410837,0.56031990,-2.59048491,0.00333872,-0.00490361,0.01362054
3474994704.656000,-0.26464214,0.43853890,-2.36520123,0.00245338,-0.00591852,0.01273780
3474994704.671000,-0.13129350,0.27530390,-1.80135506,0.00124466,-0.00519443,0.01123077
3474994704.687000,-0.05938613,0.12795879,-1.45872793,-0.00135518,-0.00461550,0.01066513
3474994704.718000,-0.07571338,0.01023135,-1.23740675,-0.00340360,-0.00381670,0.01045919
3474994704.734000,-0.04149668,-0.01094459,-1.14330154,-0.00320964,-0.00372800,0.01055696
3474994704.750000,-0.05004848,-0.00845629,-0.96668661,-0.00370697,-0.00265354,0.01029437
3474994704.765000,0.06198145,-0.06209883,-1.08515218,-0.00346440,-0.00531418,0.00972098
3474994704.796000,0.09540835,-0.08423482,-0.95643654,-0.00349932,-0.00487124,0.00936149
3474994704.812000,0.12439424,-0.10063711,-1.03124251,-0.00371787,-0.00554266,0.00914396
3474994704.828000,0.11052804,-0.07629801,-0.89158713,-0.00279877,-0.00462404,0.00851448
3474994704.859000,0.12311552,-0.13317559,-0.80882618,-0.00366704,-0.00441205,0.00825140
3474994704.875000,0.10699201,-0.14033148,-0.57428109,-0.00400776,-0.00324337,0.00838691
3474994704.890000,0.10105055,-0.16012147,-0.52055354,-0.00428218,-0.00290071,0.00941953
3474994704.906000,0.10083214,-0.16150618,-0.46093901,-0.00426780,-0.00241220,0.00920349
3474994704.937000,0.11758114,-0.15747919,-0.43383054,-0.00396229,-0.00240184,0.00913301
3474994704.953000,0.08265406,-0.11821341,-0.44730339,-0.00298319,-0.00216960,0.00873753
3474994704.968000,0.08205665,-0.09777670,-0.56261810,-0.00209641,-0.00266594,0.00863036
3474994704.984000,0.10688225,-0.09807523,-0.59528593,-0.00232518,-0.00291540,0.00839227
3474994705.015000,0.12015229,-0.08944879,-0.67100125,-0.00194893,-0.00360908,0.00884008
3474994705.031000,0.08328602,-0.07697667,-0.62677645,-0.00325977,-0.00290073,0.00925597
3474994705.046000,0.07195213,-0.10426133,-0.52967737,-0.00390436,-0.00240802,0.00970774
3474994705.078000,0.07223364,-0.10821386,-0.61499803,-0.00388590,-0.00274776,0.00988301
3474994705.093000,0.06319126,-0.09365016,-0.61342235,-0.00359422,-0.00265736,0.00964885
3474994705.109000,0.07554783,-0.10079106,-0.67162922,-0.00349454,-0.00294445,0.00951714
3474994705.125000,0.12116156,-0.12436701,-0.57492299,-0.00337948,-0.00308062,0.00906293
3474994705.156000,0.12437895,-0.12601468,-0.61719732,-0.00412908,-0.00334408,0.00862312
3474994705.171000,0.13312094,-0.12166226,-0.60737234,-0.00351144,-0.00336432,0.00878126
3474994705.187000,0.12069040,-0.09882014,-0.68360660,-0.00318470,-0.00354225,0.00900190
3474994705.218000,0.11503862,-0.08603180,-0.76512534,-0.00283732,-0.00380009,0.00843353
3474994705.234000,0.09433874,-0.07372571,-0.73360842,-0.00323347,-0.00344568,0.00860285
3474994705.250000,0.09884644,-0.09536298,-0.75947360,-0.00318491,-0.00363246,0.00870853
3474994705.265000,0.09387871,-0.07701365,-0.79147552,-0.00303705,-0.00406227,0.00853857
3474994705.296000,0.06977640,-0.08646431,-0.80318694,-0.00299230,-0.00377925,0.00904516
3474994705.312000,0.08275712,-0.07444229,-0.85430370,-0.00305559,-0.00388740,0.00919934
3474994705.328000,0.03746022,-0.03724810,-0.86565531,-0.00278500,-0.00341886,0.00979262
3474994705.343000,-0.02951958,-0.00613927,-0.95425700,-0.00292773,-0.00305122,0.01013148
3474994705.375000,-0.04598125,0.00022817,-0.98244887,-0.00355978,-0.00321985,0.01039879
3474994705.390000,-0.06278766,0.01340977,-0.89047833,-0.00375296,-0.00240677,0.01031283
3474994705.406000,-0.06240316,-0.01662317,-0.85848449,-0.00408668,-0.00208354,0.01032007
3474994705.437000,-0.03725801,-0.03299444,-0.74729134,-0.00417171,-0.00181703,0.01011030
3474994705.453000,-0.03349685,-0.03594102,-0.68545673,-0.00360066,-0.00179101,0.00992044
3474994705.468000,-0.05440019,-0.03329955,-0.70346639,-0.00351836,-0.00156606,0.00999607
3474994705.484000,-0.07183697,-0.01895680,-0.74392592,-0.00283401,-0.00134584,0.00975445
3474994705.515000,-0.02178958,-0.01269028,-0.81845990,-0.00349946,-0.00249319,0.00965719
3474994705.531000,-0.05123856,-0.02499343,-0.75212714,-0.00353106,-0.00201141,0.00962778
3474994705.546000,0.00803292,-0.06454698,-0.78435663,-0.00351210,-0.00270602,0.00965337
3474994705.578000,0.03596048,-0.05761990,-0.83118885,-0.00350139,-0.00305645,0.00894060
3474994705.593000,0.00193072,-0.01352051,-0.79612757,-0.00288810,-0.00270968,0.00895108
3474994705.609000,-0.03119192,-0.01125736,-0.95371382,-0.00384836,-0.00287908,0.00927473
3474994705.625000,-0.04435234,0.02951218,-0.94849236,-0.00202186,-0.00273060,0.00919606
3474994705.656000,-0.00280795,0.02440618,-0.98002360,-0.00219763,-0.00326450,0.00891536
3474994705.718000,-0.00333941,-0.02404815,-0.92285463,-0.00333699,-0.00323020,0.00852625
3474994705.734000,0.00904404,-0.00778962,-0.93885263,-0.00334396,-0.00313104,0.00837656
3474994705.750000,-0.02299810,0.00608985,-1.15470112,-0.00326413,-0.00408668,0.00945614
3474994705.750000,-0.01141167,0.03311636,-1.18383796,-0.00244501,-0.00449265,0.00913299
3474994705.750000,-0.05281399,0.04212565,-1.15409939,-0.00280067,-0.00352884,0.00934908
3474994705.765000,-0.05291239,0.00838050,-1.15658087,-0.00374901,-0.00354301,0.00918859
3474994705.796000,-0.07727598,0.02348224,-1.15059255,-0.00373052,-0.00330384,0.00966316
3474994705.812000,-0.07722744,0.01042968,-1.18562399,-0.00419104,-0.00379902,0.00976371
3474994705.828000,-0.08168552,0.05057922,-1.14888751,-0.00325306,-0.00340212,0.00970275
3474994705.843000,-0.12116814,0.07235081,-1.10531703,-0.00330694,-0.00280723,0.00901010
3474994705.875000,-0.15042834,0.09586501,-1.24326406,-0.00357628,-0.00289576,0.00922282
3474994705.890000,-0.13359818,0.10500753,-1.26424045,-0.00209698,-0.00315714,0.00929085
3474994705.906000,-0.14649285,0.10386242,-1.30897585,-0.00303050,-0.00329981,0.00920376
3474994705.937000,-0.17510234,0.08668941,-1.24577359,-0.00368602,-0.00270064,0.00949362
3474994705.953000,-0.21667765,0.12031818,-1.23002953,-0.00309642,-0.00195994,0.00978140
3474994705.968000,-0.22504622,0.14442124,-1.27134001,-0.00249225,-0.00182609,0.00985722
3474994705.984000,-0.25471370,0.18038082,-1.22703281,-0.00145009,-0.00131690,0.00986986
3474994706.015000,-0.27480190,0.21615433,-1.18548900,-0.00082401,-0.00076482,0.01035964
3474994706.031000,-0.28605963,0.21201130,-1.07622857,0.00004971,-0.00005419,0.01089393
3474994706.046000,-0.25641562,0.19298559,-0.91318443,0.00044364,0.00017150,0.01084569
3474994706.078000,-0.24729870,0.20598253,-0.79421474,0.00083769,0.00061668,0.01111242
3474994706.093000,-0.27801870,0.24718989,-0.68205856,0.00428349,0.00165492,0.01254941
3474994706.109000,-0.56326176,0.25817560,0.02747628,0.00210657,0.00869275,0.01424538
3474994706.125000,-0.42300186,0.23044387,-0.60986037,0.00321198,0.00327742,0.01558476
3474994706.156000,-0.60748294,0.27072235,-0.11957796,0.00286868,0.00850453,0.01734939
3474994706.171000,-0.53110436,0.21789652,-0.44895371,0.00242303,0.00538593,0.01794701
3474994706.187000,-0.59305052,0.26535285,-0.21328747,0.00367224,0.00754604,0.01837235
3474994706.203000,-0.57229346,0.21134638,-0.30906879,0.00220549,0.00667608,0.01818220
3474994706.234000,-0.55265770,0.20898055,-0.33247444,0.00163962,0.00638062,0.01751203
3474994706.250000,-0.51857652,0.18093068,-0.29700914,0.00238239,0.00601355,0.01569989
3474994706.265000,-0.49200121,0.19130834,-0.28845777,0.00327802,0.00599696,0.01433053
3474994706.296000,-0.45285231,0.16705118,-0.39234313,0.00310870,0.00523352,0.01292872
3474994706.312000,-0.46406872,0.21071693,-0.37512617,0.00458037,0.00514893,0.01186709
3474994706.328000,-0.49446095,0.23706768,-0.40012988,0.00463403,0.00571653,0.01144216
3474994706.343000,-0.51586015,0.27345471,-0.41727037,0.00461038,0.00610056,0.01133360
3474994706.375000,-0.57454518,0.31245090,-0.44415067,0.00522464,0.00689606,0.01153431
3474994706.390000,-0.60695753,0.34241740,-0.50597407,0.00567200,0.00711424,0.01223329
3474994706.406000,-0.61070156,0.32571431,-0.47490667,0.00495099,0.00717142,0.01239528
3474994706.437000,-0.64325720,0.36449335,-0.43573214,0.00493431,0.00781556,0.01296624
3474994706.453000,-0.65095286,0.38286013,-0.41097945,0.00533867,0.00831430,0.01325660
3474994706.468000,-0.66372727,0.39530263,-0.48041922,0.00485137,0.00847355,0.01317397
3474994706.484000,-0.69397479,0.40254527,-0.48006788,0.00498441,0.00888779,0.01282267
3474994706.515000,-0.65396871,0.39703043,-0.50807752,0.00515335,0.00839549,0.01183378
3474994706.531000,-0.68007092,0.42079664,-0.56612944,0.00558886,0.00888671,0.01144011
3474994706.546000,-0.65381018,0.43300933,-0.57543147,0.00575096,0.00832916,0.01005966
3474994706.578000,-0.65889761,0.40077399,-0.56669665,0.00548446,0.00857422,0.00950921
3474994706.593000,-0.61835261,0.41446722,-0.54428437,0.00574541,0.00821277,0.00880977
3474994706.609000,-0.65139192,0.41047614,-0.54791239,0.00534487,0.00847282,0.00912171
3474994706.625000,-0.69588364,0.40947309,-0.58045662,0.00461062,0.00880869,0.00998074
3474994706.656000,-0.72471044,0.43499582,-0.71712249,0.00487698,0.00899618,0.01228030
3474994706.671000,-0.76780767,0.44726849,-0.64020742,0.00476563,0.00978665,0.01375515
3474994706.687000,-0.80660430,0.46795989,-0.64927260,0.00413096,0.01019909,0.01533271
3474994706.703000,-0.82062859,0.49812479,-0.72214014,0.00432544,0.01018804,0.01673856
3474994706.734000,-0.88248731,0.52091780,-0.73443308,0.00478009,0.01079279,0.01744374
3474994706.750000,-0.86538342,0.52650869,-0.83707745,0.00432050,0.01035692,0.01758463
3474994706.765000,-0.92805603,0.57166636,-0.77995055,0.00484661,0.01166156,0.01781025
3474994706.796000,-0.94529979,0.60866295,-0.97437238,0.00493281,0.01085789,0.01792381
3474994706.812000,-0.99216855,0.61104674,-0.92457441,0.00493780,0.01154657,0.01765954
3474994706.828000,-1.00967629,0.64064302,-0.94995234,0.00469268,0.01170405,0.01742727
3474994706.843000,-1.04444743,0.66541837,-0.92325785,0.00489874,0.01201296,0.01704029
3474994706.875000,-1.07469815,0.64957476,-0.95323987,0.00310079,0.01225225,0.01660727
3474994706.890000,-1.11356020,0.69445139,-0.90223388,0.00308908,0.01332367,0.01612890
3474994706.906000,-1.11017704,0.68274806,-0.96118153,0.00265721,0.01311162,0.01572317
3474994706.937000,-1.15494613,0.70973169,-1.07863144,0.00186698,0.01284372,0.01471577
3474994706.953000,-1.19024828,0.73063259,-0.91807192,0.00120774,0.01465533,0.01368034
3474994706.968000,-1.14822527,0.77109261,-1.23723341,0.00170581,0.01235950,0.01218417
3474994706.984000,-1.18523388,0.78466403,-0.94567218,0.00145834,0.01493764,0.01019894
3474994707.015000,-1.11370155,0.76385419,-1.29140319,0.00127885,0.01238361,0.00849423
3474994707.031000,-1.14947450,0.73934786,-1.28429939,0.00000788,0.01303584,0.00736260
3474994707.046000,-1.09371829,0.70963704,-1.19295855,-0.00071926,0.01235033,0.00583975
3474994707.078000,-1.03565965,0.63698249,-1.17629482,-0.00235894,0.01150395,0.00524113
3474994707.093000,-1.03886747,0.58608376,-1.14046516,-0.00403435,0.01172695,0.00548383
3474994707.109000,-1.01953708,0.52856422,-1.13747732,-0.00463954,0.01126866,0.00652956
3474994707.125000,-1.01104100,0.51831175,-1.09653479,-0.00528189,0.01142614,0.00646416
3474994707.156000,-0.98340712,0.51598287,-1.10006556,-0.00517981,0.01088242,0.00567155
3474994707.171000,-1.02535153,0.55531408,-1.10922895,-0.00471162,0.01133917,0.00587230
3474994707.187000,-1.00545167,0.54319051,-1.21561983,-0.00424035,0.01086676,0.00533531
3474994707.218000,-1.01520677,0.55603720,-1.14448404,-0.00368186,0.01150922,0.00465069
3474994707.234000,-0.99473779,0.55429355,-1.18523112,-0.00385268,0.01095708,0.00444158
3474994707.250000,-0.99549530,0.53886257,-1.13388676,-0.00412371,0.01125805,0.00398228
3474994707.265000,-0.96647289,0.54062950,-1.17484133,-0.00433011,0.01107322,0.00370682
3474994707.296000,-1.01400518,0.56199020,-1.09013324,-0.00446742,0.01196855,0.00314317
3474994707.312000,-0.98354231,0.53071479,-1.10070521,-0.00506140,0.01149275,0.00352784
3474994707.328000,-0.97127750,0.49262829,-1.05156377,-0.00600890,0.01196133,0.00307443
3474994707.343000,-0.93016422,0.46950159,-1.10165977,-0.00716816,0.01103131,0.00262557
3474994707.375000,-0.93712630,0.46983301,-1.03796225,-0.00718747,0.01176150,0.00119655
3474994707.390000,-0.94333382,0.52713303,-1.17811994,-0.00711751,0.01132600,0.00050950
3474994707.406000,-0.92891622,0.51622027,-1.15749002,-0.00756640,0.01147802,-0.00073718
3474994707.437000,-0.87687146,0.49465927,-1.18429149,-0.00761054,0.01044872,-0.00193438
3474994707.453000,-0.84216151,0.52387350,-1.15087877,-0.00734736,0.01065098,-0.00348119
3474994707.468000,-0.84477544,0.57160551,-1.17013367,-0.00681682,0.01087366,-0.00461057
3474994707.484000,-0.89093008,0.64755282,-1.24556193,-0.00572171,0.01128729,-0.00429852
3474994707.515000,-0.87963415,0.72034432,-1.16355777,-0.00478042,0.01195815,-0.00488448
3474994707.531000,-0.87278951,0.73401483,-1.12828009,-0.00551985,0.01225355,-0.00568825
3474994707.546000,-0.88545936,0.72643115,-1.13869181,-0.00600230,0.01259835,-0.00580202
3474994707.578000,-0.86048127,0.73572254,-1.12923253,-0.00630254,0.01243778,-0.00595074
3474994707.593000,-0.87016117,0.78842532,-1.13417377,-0.00574827,0.01279556,-0.00644718
3474994707.609000,-0.84615163,0.84047641,-1.11954245,-0.00475821,0.01282719,-0.00694165
3474994707.625000,-0.85108078,0.85652537,-1.10984949,-0.00468484,0.01322357,-0.00732174
3474994707.656000,-0.91272199,0.90839533,-1.12308908,-0.00455021,0.01396700,-0.00648687
3474994707.671000,-0.92697198,0.90442314,-1.16509713,-0.00562216,0.01413197,-0.00534845
3474994707.687000,-0.93422004,0.93134022,-1.01516578,-0.00576530,0.01518547,-0.00494328
3474994707.718000,-0.94784539,0.91337768,-1.08249141,-0.00632367,0.01505165,-0.00346794
3474994707.734000,-0.99010250,0.94207194,-1.04243152,-0.00666103,0.01593801,-0.00356233
3474994707.750000,-1.01306960,0.97817626,-1.19778434,-0.00578824,0.01554023,-0.00226097
3474994707.765000,-1.03470607,1.02530635,-1.24631174,-0.00507776,0.01545553,-0.00230829
3474994707.796000,-1.05527929,1.06205259,-1.30513010,-0.00422196,0.01559346,-0.00196174
3474994707.812000,-1.04669851,1.03814671,-1.30628643,-0.00467426,0.01536390,-0.00192874
3474994707.828000,-1.06261265,1.03790497,-1.19141033,-0.00532566,0.01585097,-0.00154811
3474994707.843000,-1.08079670,1.00522193,-1.32614505,-0.00596255,0.01493315,-0.00006615
3474994707.875000,-1.05366784,0.96904748,-1.22797506,-0.00632439,0.01539355,0.00051018
3474994707.890000,-1.04621760,0.93972498,-1.34531804,-0.00690235,0.01464700,0.00204577
3474994707.906000,-1.06586027,0.91763002,-1.25504854,-0.00669718,0.01502572,0.00264512
3474994707.937000,-1.05161600,0.93170652,-1.39138210,-0.00613916,0.01412305,0.00359065
3474994707.953000,-1.08979023,0.94773492,-1.27232500,-0.00558220,0.01498121,0.00346073
3474994707.968000,-1.08008923,0.95904347,-1.38310644,-0.00512089,0.01426402,0.00421647
3474994707.984000,-1.11296837,0.96272364,-1.27474962,-0.00468165,0.01515789,0.00451737
3474994708.015000,-1.12036476,0.93344003,-1.18542128,-0.00534265,0.01542638,0.00488484
3474994708.031000,-1.15123283,0.91520584,-1.15206793,-0.00637687,0.01571765,0.00614657
3474994708.046000,-1.19632054,0.94200652,-1.16282386,-0.00562239,0.01633514,0.00677774
3474994708.078000,-1.17565147,0.96353461,-1.20218216,-0.00509455,0.01608446,0.00665625
3474994708.093000,-1.22168242,0.98602132,-1.25399313,-0.00446147,0.01648202,0.00688280
3474994708.109000,-1.13528970,0.94803102,-1.22955450,-0.00436158,0.01559185,0.00581923
3474994708.125000,-1.11139363,0.92633758,-1.06592791,-0.00470846,0.01602460,0.00499208
3474994708.156000,-1.05220892,0.87415074,-1.19987439,-0.00475432,0.01460700,0.00510117
3474994708.171000,-1.07258415,0.92214890,-1.26956604,-0.00487844,0.01438371,0.00564210
3474994708.187000,-1.05359919,0.88451394,-1.35031634,-0.00532780,0.01375103,0.00659686
3474994708.203000,-1.01103010,0.84981283,-1.29134575,-0.00583208,0.01342030,0.00668270
3474994708.234000,-0.98488513,0.83493016,-1.26668771,-0.00594616,0.01318263,0.00703872
3474994708.250000,-0.93919206,0.80743534,-1.24745297,-0.00621663,0.01275331,0.00664633
3474994708.265000,-0.95545199,0.82981973,-1.39972150,-0.00552546,0.01188083,0.00722922
3474994708.296000,-0.97167591,0.87822133,-1.42469947,-0.00471876,0.01217228,0.00762777
3474994708.312000,-0.97590995,0.88051708,-1.43374802,-0.00486553,0.01230496,0.00759052
3474994708.328000,-0.96385777,0.87311079,-1.46469868,-0.00426709,0.01202970,0.00734216
3474994708.359000,-0.97952238,0.89836386,-1.49241455,-0.00416805,0.01200162,0.00800639
3474994708.375000,-0.94544564,0.84998449,-1.51055224,-0.00482031,0.01145481,0.00807132
3474994708.390000,-0.95635008,0.86665116,-1.42899205,-0.00476570,0.01185458,0.00887877
3474994708.406000,-0.98453205,0.85377839,-1.35762965,-0.00521921,0.01264208,0.00933148
3474994708.437000,-1.01618175,0.86494955,-1.38061018,-0.00567582,0.01277327,0.01034907
3474994708.453000,-1.00315583,0.85317870,-1.38948992,-0.00577884,0.01246100,0.01053831
3474994708.468000,-0.98239570,0.86370334,-1.32691130,-0.00507105,0.01263949,0.01035944
3474994708.484000,-0.94869732,0.85221080,-1.25523008,-0.00405680,0.01260951,0.01029157
3474994708.515000,-0.97395455,0.86668404,-1.27309407,-0.00395177,0.01302114,0.01029452
3474994708.531000,-1.02325517,0.91399338,-1.48021883,-0.00382615,0.01256093,0.01119340
3474994708.546000,-1.01896018,0.90000693,-1.37017802,-0.00382607,0.01314721,0.01106386
3474994708.578000,-0.97356864,0.88799922,-1.32459777,-0.00412319,0.01242836,0.01067194
3474994708.593000,-0.92400006,0.85244490,-1.29604108,-0.00428552,0.01216803,0.01004781
3474994708.609000,-0.91596527,0.84782666,-1.29521659,-0.00439866,0.01195768,0.00988755
3474994708.625000,-0.90776702,0.86830479,-1.39583196,-0.00432308,0.01146567,0.00990747
3474994708.656000,-0.89976703,0.83820715,-1.31963042,-0.00471375,0.01168260,0.00956728
3474994708.671000,-0.86584194,0.80598673,-1.43874699,-0.00525777,0.01056570,0.00972522
3474994708.687000,-0.87319229,0.78149492,-1.34895197,-0.00571372,0.01083653,0.01013208
3474994708.703000,-0.88117897,0.79290485,-1.41957918,-0.00647013,0.01050156,0.01043296
3474994708.734000,-0.88568703,0.78094525,-1.42830141,-0.00665885,0.01049219,0.01027131
3474994708.750000,-0.91060660,0.82993585,-1.49684365,-0.00635349,0.01075983,0.01054569
3474994708.765000,-0.94030250,0.87657384,-1.50382175,-0.00556309,0.01097831,0.01062656
3474994708.796000,-0.93208706,0.86692908,-1.56163269,-0.00516193,0.01072927,0.01053166
3474994708.812000,-0.98733474,0.91834076,-1.54535303,-0.00499184,0.01144769,0.01042866
3474994708.828000,-0.98703889,0.89098230,-1.66507142,-0.00511035,0.01076502,0.01062541
3474994708.843000,-1.04959605,0.94209348,-1.64238588,-0.00479474,0.01172490,0.01099763
3474994708.875000,-1.08289022,0.99496359,-1.60173884,-0.00475745,0.01253518,0.01122195
3474994708.890000,-1.14031957,1.00579846,-1.65709758,-0.00441715,0.01300407,0.01199545
3474994708.906000,-1.18023520,1.02152748,-1.70602437,-0.00476329,0.01335404,0.01305200
3474994708.937000,-1.21791451,1.05301419,-1.67165622,-0.00385770,0.01387360,0.01325738
3474994708.953000,-1.23377361,1.07638224,-1.62166521,-0.00325139,0.01443705,0.01370775
3474994708.968000,-1.26158967,1.07105920,-1.70454781,-0.00418757,0.01434455,0.01451494
3474994708.984000,-1.28962661,1.05405472,-1.64836773,-0.00387188,0.01475002,0.01514758
3474994709.015000,-1.27181453,1.05285967,-1.58939845,-0.00361445,0.01492632,0.01551715
3474994709.031000,-1.30865281,1.07070396,-1.61011583,-0.00375432,0.01526812,0.01606694
3474994709.046000,-1.31985060,1.09309633,-1.63058920,-0.00400150,0.01538839,0.01677757
3474994709.078000,-1.36969600,1.11726325,-1.58278407,-0.00390540,0.01623285,0.01710985
3474994709.093000,-1.39036821,1.11996511,-1.57567196,-0.00382041,0.01644938,0.01730678
3474994709.109000,-1.39910126,1.14490392,-1.60075115,-0.00386095,0.01638390,0.01726593
3474994709.125000,-1.39894376,1.15413032,-1.60812025,-0.00329034,0.01648851,0.01734500
3474994709.156000,-1.42828661,1.21095517,-1.65869020,-0.00275473,0.01660228,0.01761753
3474994709.171000,-1.44501674,1.23113881,-1.74361634,-0.00245310,0.01656017,0.01775991
3474994709.187000,-1.47435884,1.24675741,-1.65113330,-0.00214553,0.01748442,0.01774949
3474994709.203000,-1.49156261,1.27115805,-1.67750728,-0.00251848,0.01777953,0.01759853
3474994709.234000,-1.49617158,1.30872977,-1.67680960,-0.00268827,0.01752956,0.01760104
3474994709.250000,-1.45478226,1.28221937,-1.59750939,-0.00260119,0.01762641,0.01706964
3474994709.265000,-1.44577031,1.28833045,-1.70831142,-0.00258243,0.01706547,0.01743727
3474994709.296000,-1.44259501,1.30390305,-1.64502895,-0.00183550,0.01740322,0.01694395
3474994709.312000,-1.47073746,1.29833394,-1.67508386,-0.00226726,0.01732015,0.01763802
3474994709.328000,-1.46219261,1.30331435,-1.64253116,-0.00294781,0.01728167,0.01768839
3474994709.343000,-1.41117244,1.24885075,-1.58305679,-0.00328939,0.01688118,0.01773022
3474994709.375000,-1.35939405,1.21542877,-1.63539294,-0.00381961,0.01598388,0.01826123
3474994709.390000,-1.37202863,1.23210069,-1.61128563,-0.00416515,0.01637636,0.01823699
3474994709.406000,-1.39239100,1.25499227,-1.71351755,-0.00352916,0.01626504,0.01868733
3474994709.437000,-1.41803596,1.27924276,-1.67182972,-0.00373037,0.01672370,0.01854656
3474994709.453000,-1.40096633,1.25964824,-1.66271137,-0.00356203,0.01647992,0.01861993
3474994709.468000,-1.39246993,1.26437218,-1.66230623,-0.00351455,0.01640872,0.01866083
3474994709.484000,-1.41712015,1.25702753,-1.72645067,-0.00461581,0.01610495,0.01903475
3474994709.515000,-1.45503538,1.30227601,-1.63473505,-0.00471126,0.01709872,0.01903260
3474994709.531000,-1.45428524,1.31213260,-1.71836164,-0.00367368,0.01691141,0.01944520
3474994709.546000,-1.46256846,1.34150193,-1.79505813,-0.00360664,0.01699029,0.01955821
3474994709.578000,-1.45921115,1.34843724,-1.80021436,-0.00296035,0.01693753,0.01920158
3474994709.593000,-1.48094936,1.35108187,-1.77395477,-0.00277742,0.01712971,0.01892828
3474994709.609000,-1.49345321,1.34406539,-1.78514822,-0.00350644,0.01731977,0.01893011
3474994709.625000,-1.50492804,1.34161171,-1.76223278,-0.00346357,0.01754265,0.01944541
3474994709.656000,-1.52561966,1.33463576,-1.74002010,-0.00411261,0.01784386,0.01956975
3474994709.671000,-1.52019418,1.32658533,-1.69096758,-0.00401398,0.01806914,0.02005272
3474994709.687000,-1.52383727,1.34061509,-1.80404587,-0.00475663,0.01760314,0.02042479
3474994709.703000,-1.54770297,1.36976960,-1.79759852,-0.00420911,0.01798653,0.02113910
3474994709.734000,-1.56582951,1.35564163,-1.78836252,-0.00449427,0.01805347,0.02054578
3474994709.750000,-1.55365124,1.37616991,-1.75978030,-0.00379462,0.01826160,0.02032345
3474994709.765000,-1.57880758,1.40654396,-1.81066093,-0.00340683,0.01818988,0.02054803
3474994709.796000,-1.61690534,1.42820625,-1.82919608,-0.00348992,0.01885665,0.02043820
3474994709.812000,-1.65814626,1.45747623,-1.84770939,-0.00279028,0.01939881,0.02091127
3474994709.828000,-1.70417835,1.47653394,-1.88457551,-0.00309318,0.01943668,0.02121431
3474994709.843000,-1.76189393,1.53480234,-1.88960480,-0.00329551,0.02048897,0.02182650
3474994709.875000,-1.76607356,1.52791926,-1.89954510,-0.00377226,0.02046772,0.02182443
3474994709.890000,-1.78142468,1.53743506,-1.94456030,-0.00340011,0.02078068,0.02248929
3474994709.906000,-1.77336670,1.53718435,-1.91987735,-0.00411922,0.02085185,0.02226498
3474994709.937000,-1.84907601,1.55199358,-1.94945932,-0.00429824,0.02192598,0.02226945
3474994709.953000,-1.90805052,1.59671136,-1.92667072,-0.00452495,0.02256266,0.02240074
3474994709.968000,-1.95375399,1.63334637,-1.99615665,-0.00393585,0.02315071,0.02275088
3474994709.984000,-1.99583406,1.66859892,-2.08616827,-0.00532033,0.02359100,0.02279192
3474994710.015000,-2.01763599,1.64283955,-2.13938161,-0.00630464,0.02362708,0.02238558
3474994710.031000,-2.00568818,1.59346080,-2.15052446,-0.00803921,0.02301894,0.02201732
3474994710.046000,-2.02641992,1.58273623,-2.21651782,-0.01005379,0.02311384,0.02209162
3474994710.078000,-2.02528592,1.55507653,-2.26518869,-0.01171756,0.02281983,0.02255228
3474994710.093000,-2.02543541,1.54125051,-2.34404689,-0.01275670,0.02266856,0.02242210
3474994710.109000,-2.01892105,1.54364065,-2.21505873,-0.01347640,0.02349965,0.02132731
3474994710.125000,-2.10002088,1.57198585,-2.30009302,-0.01297872,0.02401773,0.02099411
3474994710.156000,-2.21131580,1.67660374,-2.21543016,-0.01249603,0.02649920,0.02015200
3474994710.171000,-2.34712254,1.80991361,-2.37020532,-0.01203989,0.02783079,0.02003404
3474994710.187000,-2.41170681,1.88400688,-2.43948181,-0.01248861,0.02932935,0.01931504
3474994710.218000,-2.37054627,1.86858156,-2.32688102,-0.01247971,0.02963934,0.01671402
3474994710.234000,-2.27076018,1.80508193,-2.21213678,-0.01284750,0.02886724,0.01393774
3474994710.250000,-2.19180910,1.77445114,-2.23574442,-0.01380231,0.02807882,0.01134291
3474994710.265000,-2.20990413,1.82419554,-2.23387978,-0.01338564,0.02856883,0.00888373
3474994710.296000,-2.30564787,1.94925418,-2.23896919,-0.01280673,0.03041436,0.00759011
3474994710.312000,-2.41621594,2.06169238,-2.34151866,-0.01216490,0.03182508,0.00732557
3474994710.328000,-2.39642939,2.07906243,-2.41494421,-0.01232882,0.03139230,0.00680459
3474994710.343000,-2.36071411,2.10913580,-2.34329197,-0.01312953,0.03150051,0.00573884
3474994710.375000,-2.23616200,2.04725743,-2.51782740,-0.01507419,0.02929705,0.00482867
3474994710.390000,-2.06128971,1.97903934,-2.63374255,-0.01497108,0.02655398,0.00387602
3474994710.406000,-1.98226641,1.97681472,-2.61864000,-0.01459409,0.02522647,0.00355187
3474994710.437000,-1.96778673,2.01028273,-2.77991333,-0.01371159,0.02432733,0.00465390
3474994710.453000,-2.03613642,2.07381705,-2.92539443,-0.01427944,0.02466442,0.00636869
3474994710.468000,-2.16267706,2.16984541,-2.93733917,-0.01416644,0.02640426,0.00839834
3474994710.484000,-2.16068576,2.20257791,-3.05100761,-0.01444719,0.02528932,0.00966185
3474994710.515000,-2.11182053,2.20872022,-3.04175527,-0.01315475,0.02491005,0.01084095
3474994710.531000,-2.16779086,2.25733008,-2.95437072,-0.01254472,0.02587301,0.01232223
3474994710.546000,-2.30192605,2.31136051,-3.02729731,-0.01226896,0.02703356,0.01478795
3474994710.578000,-2.48690827,2.43682431,-2.94708553,-0.01135910,0.02950237,0.01718757
3474994710.593000,-2.60942994,2.51460724,-2.90660419,-0.01072579,0.03150660,0.01902853
3474994710.609000,-2.75286439,2.59226424,-2.93500823,-0.01014361,0.03300447,0.02111691
3474994710.625000,-2.88704171,2.67399342,-2.95707808,-0.00992986,0.03474890,0.02349278
3474994710.656000,-2.97656634,2.73903591,-2.97301401,-0.00932085,0.03556219,0.02518585
3474994710.671000,-3.09933606,2.84702573,-2.92986722,-0.00802157,0.03714303,0.02713818
3474994710.687000,-3.25549821,2.95035824,-2.96583145,-0.00689028,0.03915186,0.02915848
3474994710.703000,-3.43544054,3.08011393,-3.08996755,-0.00576324,0.04085814,0.03206214
3474994710.734000,-3.59035560,3.19972285,-3.17193150,-0.00534420,0.04244035,0.03478104
3474994710.750000,-3.73381868,3.29605589,-3.19238765,-0.00499913,0.04427847,0.03680580
3474994710.765000,-3.81490083,3.34564154,-3.15797819,-0.00466437,0.04530387,0.03839355
3474994710.796000,-3.93664907,3.41867323,-3.38340446,-0.00483099,0.04564156,0.04090691
3474994710.812000,-4.06847776,3.48855415,-3.43705168,-0.00503144,0.04719564,0.04240954
3474994710.828000,-4.17644004,3.59268065,-3.50942764,-0.00417083,0.04815152,0.04347185
3474994710.843000,-4.22633413,3.62843775,-3.58777456,-0.00377036,0.04828214,0.04396657
3474994710.875000,-4.22230514,3.67869106,-3.57648143,-0.00299245,0.04846112,0.04398102
3474994710.890000,-4.25760186,3.72336530,-3.65124740,-0.00304024,0.04864462,0.04338610
3474994710.906000,-4.33785479,3.78490445,-3.70271137,-0.00216782,0.04948951,0.04346432
3474994710.937000,-4.34726045,3.85869179,-3.77354354,-0.00080763,0.04917609,0.04333586
3474994710.953000,-4.41474219,3.94532743,-3.72063492,0.00089739,0.05035546,0.04348106
3474994710.968000,-4.45225704,3.94704554,-3.94764496,-0.00083301,0.04968247,0.04382498
3474994710.984000,-4.48587419,3.96076243,-3.84979861,-0.00177146,0.05067224,0.04374358
3474994711.015000,-4.42689198,3.89363281,-3.93535856,-0.00291114,0.04952991,0.04363292
3474994711.031000,-4.37938610,3.84860675,-3.88800467,-0.00434410,0.04864275,0.04414012
3474994711.125000,-4.39117855,3.84023321,-3.82279871,-0.00449472,0.04925700,0.04439537
3474994711.171000,-4.44840368,3.87833962,-4.01730751,-0.00560498,0.04893202,0.04545893
3474994711.187000,-4.50525738,3.89041836,-4.10847372,-0.00568623,0.04904177,0.04657516
3474994711.203000,-4.50555683,3.92556798,-4.14164761,-0.00580089,0.04870994,0.04661054
3474994711.203000,-4.44353031,3.89754975,-4.09441835,-0.00572140,0.04815415,0.04598592
3474994711.203000,-4.42755386,3.88249003,-4.11810546,-0.00583161,0.04803421,0.04550984
3474994711.203000,-4.46186201,3.90535412,-4.02985209,-0.00431332,0.04883543,0.04525366
3474994711.218000,-4.54456472,4.01765004,-4.05621036,-0.00244347,0.04983622,0.04628777
3474994711.218000,-4.64776091,4.08892804,-4.04601814,-0.00200782,0.05121558,0.04740729
3474994711.234000,-4.76182007,4.11543273,-4.11030154,-0.00258995,0.05240350,0.04925030
3474994711.250000,-4.79865012,4.12061918,-3.93698790,-0.00301994,0.05384443,0.04953831
3474994711.265000,-4.78022788,4.10586570,-3.88763427,-0.00281641,0.05366256,0.05024885
3474994711.296000,-4.74944747,4.06851391,-3.81228629,-0.00270447,0.05352289,0.05072710
3474994711.312000,-4.78799570,4.09496708,-3.82986703,-0.00273986,0.05420131,0.05042195
3474994711.328000,-4.82924035,4.12671681,-4.00921843,-0.00199124,0.05383205,0.05108640
3474994711.343000,-4.81392249,4.18370637,-3.94287789,-0.00078754,0.05393804,0.05051995
3474994711.375000,-4.78420559,4.13128877,-3.86679913,-0.00103520,0.05396417,0.05041110
3474994711.390000,-4.80054970,4.11645531,-3.78543264,-0.00173410,0.05441481,0.05054709
3474994711.406000,-4.82274719,4.10857766,-3.88716635,-0.00246397,0.05430789,0.05197977
3474994711.437000,-4.83902514,4.11382446,-3.88089989,-0.00268347,0.05448035,0.05225764
3474994711.453000,-4.85247077,4.12468781,-3.80237677,-0.00215335,0.05504614,0.05184591
3474994711.468000,-4.81033672,4.12161756,-3.99531348,-0.00204256,0.05373749,0.05199427
3474994711.484000,-4.76227621,4.07682622,-3.94801333,-0.00259427,0.05330819,0.05070037
3474994711.515000,-4.71431203,4.07574166,-3.91452929,-0.00211406,0.05280346,0.04952501
3474994711.531000,-4.71113392,4.07361950,-3.92095092,-0.00212147,0.05259732,0.04908741
3474994711.546000,-4.72710027,4.07843681,-3.98197903,-0.00178783,0.05282790,0.04947192
3474994711.578000,-4.75135169,4.10358382,-4.04429265,-0.00186346,0.05297351,0.05001604
3474994711.593000,-4.72869354,4.05639999,-3.92956381,-0.00257178,0.05312415,0.05054608
3474994711.609000,-4.70514900,4.00958171,-3.81531908,-0.00288225,0.05311292,0.05154179
3474994711.625000,-4.72390734,4.00832713,-3.83817480,-0.00327558,0.05313262,0.05263572
3474994711.656000,-4.79341547,4.02476951,-3.74199389,-0.00277446,0.05441418,0.05356506
3474994711.671000,-4.76620290,4.03083037,-3.90589881,-0.00293385,0.05368359,0.05451661
3474994711.687000,-4.81645409,4.06535494,-3.86395073,-0.00217808,0.05420620,0.05479968
3474994711.718000,-4.74631026,4.03705903,-3.85670369,-0.00144486,0.05350414,0.05404663
3474994711.734000,-4.75128008,4.03858166,-3.81210479,-0.00100098,0.05380429,0.05366371
3474994711.750000,-4.75524700,4.04549877,-3.76094722,-0.00068789,0.05398001,0.05379180
3474994711.765000,-4.79608859,4.05740763,-3.86121028,-0.00189196,0.05405033,0.05444507
3474994711.796000,-4.85349468,4.03778937,-3.81740188,-0.00243843,0.05507957,0.05500816
3474994711.812000,-4.81152916,4.02329527,-3.79222352,-0.00342596,0.05456475,0.05489556
3474994711.828000,-4.77837206,3.95512518,-3.79278648,-0.00439658,0.05412967,0.05445177
3474994711.843000,-4.70485476,3.93082938,-3.78603206,-0.00468957,0.05295546,0.05341988
3474994711.875000,-4.62604195,3.91730899,-3.80548807,-0.00448458,0.05217288,0.05278784
3474994711.890000,-4.67819859,3.95665140,-3.84605964,-0.00408994,0.05269620,0.05215812
3474994711.906000,-4.73711942,4.01092714,-3.88910287,-0.00343061,0.05325572,0.05235412
3474994711.937000,-4.79971238,4.04947976,-3.96073487,-0.00358681,0.05353319,0.05281416
3474994711.953000,-4.79977049,4.03962669,-3.97819354,-0.00375616,0.05358242,0.05273291
3474994711.968000,-4.82959703,4.06030563,-3.86823079,-0.00364165,0.05446442,0.05252961
3474994711.984000,-4.82901677,4.05572494,-3.92727429,-0.00305022,0.05427045,0.05282672
3474994712.015000,-4.84820670,4.05816660,-3.94596178,-0.00200876,0.05446964,0.05372186
3474994712.031000,-4.92751731,4.10874410,-3.84742139,-0.00152724,0.05585589,0.05410925
3474994712.046000,-5.00090595,4.12982108,-3.89732005,-0.00153109,0.05648809,0.05531941
3474994712.078000,-5.00852055,4.14894984,-3.86422325,-0.00120709,0.05673761,0.05572350
3474994712.093000,-4.97338061,4.11832244,-3.83180431,-0.00120297,0.05675903,0.05620293
3474994712.109000,-4.93556597,4.07593798,-3.74478685,-0.00094572,0.05648460,0.05605096
3474994712.281000,-4.98432854,4.07373866,-3.79235647,-0.00097153,0.05633067,0.05704784
3474994712.281000,-5.05922682,4.18028177,-3.76732191,0.00055311,0.05755811,0.05770456
3474994712.296000,-5.08786353,4.20687503,-3.88781025,0.00105602,0.05800413,0.05808634
3474994712.296000,-5.12123877,4.21601531,-3.80522587,0.00096699,0.05875785,0.05818784
3474994712.296000,-5.11605981,4.14630446,-3.79261623,0.00002174,0.05848319,0.05848783
3474994712.296000,-5.11980493,4.11569913,-3.79670157,-0.00115971,0.05834045,0.05863935
3474994712.312000,-5.09920958,4.08424498,-3.75550889,-0.00230334,0.05810183,0.05833002
3474994712.312000,-5.08732673,4.09083646,-3.76944082,-0.00181749,0.05807275,0.05797595
3474994712.312000,-5.09626073,4.10592888,-3.86879470,-0.00105852,0.05788567,0.05783626
3474994712.312000,-5.11859712,4.16201389,-3.89123615,-0.00057660,0.05810564,0.05741020
3474994712.328000,-5.14810485,4.18637536,-3.97746925,-0.00083166,0.05772309,0.05762325
3474994712.343000,-5.09942103,4.14982488,-3.87055862,-0.00080452,0.05777164,0.05654460
3474994712.375000,-5.09902130,4.15841793,-3.84593946,-0.00080151,0.05820093,0.05663908
3474994712.390000,-5.10649207,4.17950661,-3.93215498,-0.00066654,0.05777196,0.05724726
3474994712.406000,-5.13574688,4.17177466,-3.89224170,-0.00090861,0.05839626,0.05725911
3474994712.437000,-5.15209885,4.17789064,-3.90928735,-0.00039729,0.05814353,0.05763747
3474994712.453000,-5.11878368,4.18751412,-3.99214666,-0.00046510,0.05768402,0.05746964
3474994712.468000,-5.09360440,4.14804895,-3.95038058,-0.00110259,0.05755576,0.05727753
3474994712.484000,-5.02289152,4.09668571,-3.94628314,-0.00124038,0.05653144,0.05679096
3474994712.515000,-5.00915391,4.08370743,-3.91296943,-0.00085377,0.05659698,0.05722818
3474994712.531000,-5.03918451,4.11972781,-3.84515278,-0.00086322,0.05724267,0.05701746
3474994712.546000,-5.09176914,4.12831675,-3.90231159,-0.00087510,0.05765584,0.05806722
3474994712.578000,-5.09509247,4.13593878,-3.92001206,-0.00050203,0.05758021,0.05853315
3474994712.593000,-5.09581082,4.15863349,-3.85795002,0.00005656,0.05809027,0.05816326
3474994712.609000,-5.07347707,4.11893045,-3.96119394,0.00008406,0.05715880,0.05879116
3474994712.625000,-4.99945961,4.05870857,-3.86288253,-0.00032948,0.05664417,0.05774121
3474994712.656000,-4.98299895,4.07188615,-3.80104999,0.00007105,0.05685541,0.05752483
3474994712.671000,-4.97025806,4.03987411,-3.78511125,-0.00035638,0.05683485,0.05744655
3474994712.687000,-5.00713305,4.04754679,-3.78044684,-0.00049375,0.05732105,0.05792242
3474994712.703000,-5.03636922,4.07587213,-3.89235571,-0.00055236,0.05723246,0.05817808
3474994712.734000,-5.01586013,4.06305030,-3.83856534,-0.00013623,0.05706892,0.05790728
3474994712.750000,-4.99017407,4.07361398,-3.94775071,0.00010215,0.05637474,0.05819793
3474994712.765000,-4.95284031,4.01373252,-4.02352136,-0.00057214,0.05547809,0.05785175
3474994712.796000,-4.91500932,3.98091364,-3.96324203,-0.00080738,0.05534633,0.05766510
3474994712.812000,-4.87254192,3.95668595,-3.90317875,-0.00106198,0.05472830,0.05782380
3474994712.828000,-4.84754059,3.91690373,-3.86967712,-0.00169934,0.05470327,0.05751500
3474994712.843000,-4.86037480,3.94825435,-3.86880018,-0.00134924,0.05496791,0.05748390
3474994712.875000,-4.84342317,3.92957290,-3.93664861,-0.00152172,0.05443661,0.05754154
3474994712.890000,-4.81458394,3.89262236,-3.90831297,-0.00123385,0.05405738,0.05718082
3474994712.906000,-4.78177580,3.90702628,-3.87970915,-0.00131152,0.05364598,0.05683453
3474994712.937000,-4.81888697,3.89638163,-3.92579508,-0.00154399,0.05370005,0.05724973
3474994712.953000,-4.85618959,3.89444265,-3.93723661,-0.00160122,0.05410098,0.05752201
3474994712.968000,-4.85612623,3.95752295,-4.00366402,-0.00114742,0.05416709,0.05768356
3474994712.984000,-4.85549007,3.92299460,-3.98734383,-0.00079508,0.05425154,0.05787452
3474994713.015000,-4.83033948,3.90888506,-3.96898850,-0.00081696,0.05369666,0.05786780
3474994713.031000,-4.83756584,3.88887692,-3.94639502,-0.00083843,0.05402851,0.05830455
3474994713.046000,-4.89190335,3.90235301,-3.92487152,-0.00126066,0.05446806,0.05858321
3474994713.078000,-4.91254881,3.92314288,-3.88349633,-0.00100017,0.05517390,0.05872141
3474994713.093000,-4.95039648,3.91659294,-3.87016872,-0.00174086,0.05557395,0.05872471
3474994713.109000,-4.92567989,3.89684599,-3.80861984,-0.00170974,0.05526992,0.05845336
3474994713.125000,-4.88894868,3.85907754,-3.75481952,-0.00189441,0.05511660,0.05775274
3474994713.156000,-4.91326287,3.86441136,-3.86939914,-0.00239470,0.05540911,0.05813353
3474994713.171000,-4.97277972,3.91400142,-3.89507267,-0.00201184,0.05592717,0.05805624
3474994713.187000,-4.97394427,3.90302343,-3.82550489,-0.00206900,0.05633734,0.05740542
3474994713.218000,-5.02570863,3.89806304,-3.76702909,-0.00236559,0.05712037,0.05678959
3474994713.234000,-5.00555185,3.87783444,-3.85199208,-0.00344535,0.05632049,0.05641176
3474994713.250000,-4.98507215,3.88476282,-3.86594392,-0.00303694,0.05606861,0.05617317
3474994713.265000,-4.92838671,3.83616519,-3.86932867,-0.00355586,0.05512916,0.05505768
3474994713.296000,-4.86628108,3.75443099,-3.78372485,-0.00483252,0.05478772,0.05424222
3474994713.390000,-4.78709532,3.71375304,-3.82357481,-0.00578663,0.05343974,0.05382968
3474994713.390000,-4.67085318,3.61916960,-3.78367161,-0.00631711,0.05237738,0.05272367
3474994713.390000,-4.60111131,3.60791729,-3.87153307,-0.00677666,0.05099219,0.05195124
3474994713.390000,-4.54691907,3.56365800,-4.00305350,-0.00642572,0.04934068,0.05181753
3474994713.406000,-4.45990684,3.53203471,-4.02341351,-0.00695213,0.04803945,0.05113580
3474994713.406000,-4.34198946,3.44501287,-4.05214320,-0.00681987,0.04597570,0.05109474
3474994713.437000,-4.22083856,3.37673711,-3.96877312,-0.00662404,0.04496733,0.05039260
3474994713.453000,-4.16134955,3.29515680,-4.01251539,-0.00764284,0.04376003,0.05051816
3474994713.468000,-4.15596939,3.30275204,-4.03072712,-0.00743035,0.04360485,0.05110334
3474994713.484000,-4.18289741,3.26902812,-4.09707162,-0.00789242,0.04315188,0.05236670
3474994713.515000,-4.18177867,3.26336767,-4.07310159,-0.00761665,0.04342049,0.05280621
3474994713.531000,-4.19749285,3.21666734,-4.11150490,-0.00823527,0.04303630,0.05332969
3474994713.546000,-4.17391702,3.18013069,-3.97024166,-0.00748628,0.04334852,0.05236895
3474994713.578000,-4.19505955,3.19399621,-4.06330206,-0.00716840,0.04300412,0.05250010
3474994713.593000,-4.24188280,3.21570461,-4.05575449,-0.00708524,0.04374805,0.05227455
3474994713.609000,-4.29203819,3.23588203,-4.04903879,-0.00670968,0.04421671,0.05255012
3474994713.625000,-4.35064532,3.24491125,-4.02612687,-0.00634019,0.04529302,0.05264114
3474994713.656000,-4.42156665,3.26166808,-3.96922320,-0.00558607,0.04637175,0.05296894
3474994713.671000,-4.46815205,3.27009159,-3.91098448,-0.00553960,0.04666154,0.05297260
3474994713.687000,-4.52650379,3.29745097,-3.80393960,-0.00531298,0.04821089,0.05313133
3474994713.718000,-4.55614027,3.33454664,-3.86130566,-0.00421046,0.04829115,0.05323708
3474994713.734000,-4.56877191,3.33119255,-3.82717516,-0.00382593,0.04874163,0.05316763
3474994713.750000,-4.59781282,3.33502345,-3.88006935,-0.00384124,0.04868971,0.05346592
3474994713.765000,-4.60581491,3.30532651,-3.82938861,-0.00336122,0.04889696,0.05358407
3474994713.796000,-4.56875782,3.30095218,-3.69121067,-0.00364387,0.04906950,0.05306883
3474994713.812000,-4.56991309,3.25697796,-3.83381692,-0.00403167,0.04840281,0.05447795
3474994713.828000,-4.59395208,3.25281291,-3.85534288,-0.00451838,0.04862845,0.05502527
3474994713.843000,-4.59289309,3.23792473,-3.82190371,-0.00391629,0.04865685,0.05549566
3474994713.875000,-4.63535622,3.26760936,-3.75652473,-0.00457176,0.04924611,0.05539968
3474994713.890000,-4.64747570,3.26158694,-3.89248921,-0.00402545,0.04887347,0.05571719
3474994713.906000,-4.61076922,3.25352882,-3.87162378,-0.00396254,0.04853415,0.05513086
3474994713.937000,-4.58176922,3.24985404,-3.86074671,-0.00379235,0.04849638,0.05482362
3474994713.953000,-4.54190371,3.21966707,-3.81070825,-0.00300110,0.04800654,0.05375801
3474994713.968000,-4.53026745,3.26383770,-3.78966934,-0.00233031,0.04847449,0.05327133
3474994713.984000,-4.52598185,3.26191588,-3.84163329,-0.00276805,0.04828962,0.05330202
3474994714.015000,-4.53771268,3.22600602,-3.82810745,-0.00318339,0.04831451,0.05364874
3474994714.031000,-4.52622405,3.24103760,-3.73113386,-0.00274877,0.04877165,0.05304917
3474994714.046000,-4.49277268,3.22254955,-3.80597549,-0.00290663,0.04791276,0.05298475
3474994714.078000,-4.47609405,3.21682402,-3.77116588,-0.00292815,0.04796722,0.05283736
3474994714.093000,-4.46122468,3.20702498,-3.77557086,-0.00297894,0.04767655,0.05192829
3474994714.328000,-4.42503593,3.21557368,-3.64220610,-0.00231049,0.04827812,0.05094865
3474994714.343000,-4.40480456,3.21243249,-3.65672127,-0.00222898,0.04817357,0.05051646
3474994714.343000,-4.40502931,3.20839783,-3.74114252,-0.00220451,0.04784588,0.05045619
3474994714.343000,-4.40562646,3.21794575,-3.69807797,-0.00243034,0.04795010,0.05019308
3474994714.343000,-4.37413428,3.18272136,-3.66139693,-0.00332293,0.04789659,0.04898468
3474994714.343000,-4.33720504,3.18869426,-3.61405130,-0.00272231,0.04770513,0.04852387
3474994714.359000,-4.29661471,3.18674184,-3.52437476,-0.00257522,0.04772413,0.04772222
3474994714.359000,-4.27228782,3.16146847,-3.50498127,-0.00259121,0.04762936,0.04717373
3474994714.359000,-4.33032308,3.18753031,-3.61153590,-0.00286181,0.04796299,0.04770777
3474994714.359000,-4.30639008,3.18567346,-3.52177429,-0.00223920,0.04812576,0.04702008
3474994714.375000,-4.27971618,3.17929481,-3.46217423,-0.00153361,0.04822782,0.04758323
3474994714.375000,-4.28654049,3.15519718,-3.40830795,-0.00241103,0.04843475,0.04822181
3474994714.375000,-4.29621053,3.13885929,-3.44021846,-0.00260882,0.04846946,0.04954854
3474994714.390000,-4.28033229,3.15513710,-3.42624795,-0.00175224,0.04854435,0.05104893
3474994714.390000,-4.27854747,3.14610265,-3.40389279,-0.00177082,0.04835133,0.05191038
3474994714.406000,-4.25626661,3.11343008,-3.35486473,-0.00187213,0.04843099,0.05231143
3474994714.437000,-4.20980623,3.09476263,-3.25122978,-0.00180464,0.04832239,0.05225343
3474994714.453000,-4.18803323,3.07746531,-3.28550354,-0.00170869,0.04808481,0.05251954
3474994714.468000,-4.14544906,3.05745832,-3.31697823,-0.00104441,0.04753840,0.05270218
3474994714.484000,-4.12990785,3.04284759,-3.29680416,-0.00097686,0.04723040,0.05210892
3474994714.515000,-4.07545858,3.01629311,-3.37111944,-0.00126446,0.04634138,0.05193080
3474994714.531000,-4.00148786,2.98863669,-3.26309003,-0.00121672,0.04632602,0.05082065
3474994714.546000,-3.94429722,2.94104577,-3.30885832,-0.00142349,0.04499232,0.05004196
3474994714.578000,-3.89922311,2.91795637,-3.26313932,-0.00172072,0.04472153,0.04934380
3474994714.593000,-3.87089823,2.92034923,-3.32778328,-0.00176052,0.04426463,0.04882174
3474994714.609000,-3.84654890,2.91534438,-3.36655286,-0.00137451,0.04384051,0.04841677
3474994714.625000,-3.83395905,2.91840574,-3.34008254,-0.00133789,0.04343948,0.04849358
3474994714.656000,-3.79037006,2.86034960,-3.37585090,-0.00159551,0.04270594,0.04906057
3474994714.671000,-3.81097866,2.87511088,-3.20942405,-0.00216798,0.04397104,0.04907599
3474994714.687000,-3.80949232,2.82672210,-3.18018914,-0.00284694,0.04396776,0.04962303
3474994714.718000,-3.81670287,2.87093924,-3.18961615,-0.00240614,0.04397086,0.05033482
3474994714.734000,-3.81664053,2.86667617,-3.29101240,-0.00214391,0.04369105,0.05038988
3474994714.750000,-3.80038535,2.86252288,-3.34739750,-0.00168934,0.04308760,0.05021137
3474994714.765000,-3.78490411,2.83185522,-3.25218968,-0.00205943,0.04335265,0.04940543
3474994714.796000,-3.78965773,2.83509394,-3.27666316,-0.00203972,0.04311004,0.04923827
3474994714.812000,-3.80302611,2.86534382,-3.26637360,-0.00160046,0.04373076,0.04886252
3474994714.828000,-3.82930013,2.87514847,-3.23870865,-0.00102665,0.04397224,0.04847094
3474994714.843000,-3.84750705,2.90883182,-3.24376673,-0.00040146,0.04425587,0.04792616
3474994714.875000,-3.83182023,2.97631915,-3.30295221,0.00175410,0.04394217,0.04764343
3474994714.890000,-3.84638080,3.02205928,-3.45570682,0.00345264,0.04334049,0.04901890
3474994714.906000,-3.90536807,3.02180391,-3.49131031,0.00341340,0.04362541,0.05104718
3474994714.937000,-3.94706451,3.01372445,-3.35157259,0.00239492,0.04489894,0.05297542
3474994714.953000,-3.95791526,2.96647362,-3.30597285,0.00149272,0.04492373,0.05564517
3474994714.968000,-3.96945886,2.90450877,-3.29302133,0.00070938,0.04492085,0.05795172
3474994714.984000,-4.06728093,2.91640215,-3.28651347,0.00052387,0.04578339,0.05956022
3474994715.015000,-4.12116906,2.95415302,-3.35137855,-0.00019982,0.04631714,0.06003282
3474994715.031000,-4.11479138,2.93911692,-3.37147891,0.00043275,0.04615977,0.05907799
3474994715.046000,-4.06362679,2.93604050,-3.40419395,0.00081113,0.04540491,0.05745606
3474994715.078000,-4.03284678,2.92090471,-3.40405479,0.00163913,0.04486153,0.05614706
3474994715.093000,-4.05679929,2.95690037,-3.39112677,0.00165116,0.04530338,0.05486441
3474994715.109000,-4.05816729,2.97638984,-3.43844844,0.00207110,0.04520219,0.05430702
3474994715.125000,-4.08540255,3.00108135,-3.44212260,0.00293975,0.04527967,0.05355501
3474994715.156000,-4.15659313,3.00403279,-3.44060571,0.00176348,0.04634034,0.05364621
3474994715.171000,-4.13985308,3.00407383,-3.45927449,0.00071194,0.04623681,0.05353383
3474994715.187000,-4.09891815,2.94986375,-3.43034330,0.00070367,0.04575909,0.05285757
3474994715.218000,-4.07841084,2.95766113,-3.41860238,0.00111768,0.04520956,0.05273354
3474994715.234000,-4.07561987,2.96561545,-3.43388413,0.00062651,0.04495768,0.05214135
3474994715.250000,-4.08061447,2.96719479,-3.40955730,-0.00023921,0.04543641,0.05164926
3474994715.265000,-4.06908031,2.91562045,-3.35906884,-0.00122275,0.04547972,0.05094693
3474994715.296000,-4.05692859,2.91385676,-3.34252669,-0.00204149,0.04517467,0.05075311
3474994715.312000,-3.98319023,2.89222633,-3.25895141,-0.00187166,0.04472882,0.04966912
3474994715.328000,-3.99164745,2.88266544,-3.30315505,-0.00237919,0.04484577,0.04958526
3474994715.343000,-3.93426513,2.83982750,-3.35059472,-0.00311747,0.04364673,0.04885297
3474994715.375000,-3.86014291,2.79454972,-3.30276991,-0.00333412,0.04299244,0.04791281
3474994715.390000,-3.69482196,2.69119784,-3.27561580,-0.00422500,0.04085144,0.04624297
3474994715.406000,-3.43794652,2.55606616,-3.18262025,-0.00478912,0.03815361,0.04387870
3474994715.437000,-3.20140083,2.40515731,-3.08392244,-0.00560449,0.03536387,0.04189788
3474994715.453000,-2.93893041,2.16452778,-3.07706108,-0.00902690,0.03152777,0.04007632
3474994715.468000,-2.62941568,1.86851152,-2.74730974,-0.01231356,0.02852265,0.03820232
3474994715.484000,-2.29942196,1.57766729,-2.62907941,-0.01625344,0.02429184,0.03624030
3474994715.515000,-2.16582918,1.35275330,-2.39433885,-0.02000051,0.02299579,0.03503085
3474994715.531000,-2.04550013,1.25035780,-2.38290439,-0.02170690,0.02116653,0.03206161
3474994715.546000,-2.03006450,1.20738496,-2.17135461,-0.02227933,0.02198650,0.02719745
3474994715.578000,-1.89788784,1.19378931,-2.33176569,-0.02173093,0.01972206,0.02027586
3474994715.593000,-1.91157253,1.26634299,-2.02364370,-0.01978239,0.02168024,0.01188187
3474994715.609000,-1.89935285,1.34553363,-1.89226742,-0.01732770,0.02255879,0.00395381
3474994715.625000,-1.87487115,1.47463758,-1.89924624,-0.01353747,0.02282537,-0.00195770
3474994715.656000,-1.87737475,1.66567848,-2.08566395,-0.00864241,0.02242254,-0.00437390
